0.000000,5.385165,5.385165,5.385165,5.385165,1.500300
1.000000,3.745531,3.737238,3.747013,3.749748,0.759731
2.000000,3.001073,2.994188,3.008081,3.013053,0.519590
3.000000,2.559133,2.545260,2.560628,2.567430,0.789700
4.000000,2.244505,2.234719,2.249847,2.257896,1.075457
5.000000,2.011684,2.008832,2.018142,2.027111,1.791310
6.000000,1.860452,1.841034,1.837214,1.847379,2.916193
7.000000,1.732462,1.698848,1.689014,1.697472,2.249219
8.000000,1.621517,1.581639,1.563353,1.570989,2.167718
9.000000,1.521260,1.474884,1.453514,1.461778,1.977902
10.000000,1.420638,1.376326,1.354551,1.365361,1.651495
11.000000,1.316134,1.295970,1.266786,1.279350,1.729193
12.000000,1.229304,1.225699,1.189277,1.202092,1.692829
13.000000,1.151320,1.160945,1.119337,1.131813,1.748841
14.000000,1.080810,1.099827,1.054936,1.066623,1.671157
15.000000,1.018167,1.038259,0.996131,1.005580,1.521356
16.000000,0.959443,0.972952,0.942397,0.947415,1.566060
17.000000,0.903538,0.914742,0.891621,0.894143,1.485721
18.000000,0.848226,0.858924,0.844694,0.843187,1.403470
19.000000,0.791525,0.804332,0.796502,0.793243,1.131343
20.000000,0.737457,0.753684,0.748598,0.744187,1.052386
21.000000,0.685916,0.705157,0.706801,0.697328,1.184298
22.000000,0.630381,0.655093,0.666438,0.652281,0.877310
23.000000,0.579280,0.606637,0.627526,0.609411,1.020988
24.000000,0.530585,0.557610,0.588627,0.567424,0.873125
25.000000,0.479244,0.508130,0.547783,0.527710,0.698266
26.000000,0.430503,0.461486,0.504658,0.493139,0.990483
27.000000,0.386362,0.415195,0.469401,0.465433,0.802238
28.000000,0.361419,0.390423,0.463253,0.472497,1.214849
29.000000,1.039841,1.079269,1.470167,1.572495,1.290787
30.000000,1.112761,1.071563,1.435806,1.560637,0.984553
31.000000,1.135643,1.056488,1.401155,1.582416,1.069945
32.000000,1.248685,1.097743,1.376892,1.618118,1.318172
33.000000,1.184678,1.086317,1.329789,1.630087,0.829922
34.000000,1.069642,1.087188,1.279952,1.629065,0.615301
35.000000,1.144384,1.156988,1.252914,1.615174,1.318418
36.000000,0.783352,1.045852,1.164748,1.519758,-1.240221
37.000000,0.432612,1.029065,1.107163,1.465285,0.046651
38.000000,0.228970,0.937472,1.054513,1.412549,0.176317
39.000000,0.376767,0.899045,1.048131,1.382130,1.367116
40.000000,0.088833,0.827196,1.020630,1.347957,0.125001
41.000000,0.364695,0.674061,0.971502,1.302973,-0.338163
42.000000,-0.015542,0.277940,0.917516,1.240505,-1.642131
43.000000,-0.427927,-0.048863,0.850160,1.175576,-1.347731
44.000000,-0.803702,-0.131696,0.841976,1.135592,0.337718
45.000000,-0.684027,-0.275901,0.867672,1.106113,0.675733
46.000000,-0.341932,0.078959,0.865979,1.073743,0.859080
47.000000,0.573714,0.303555,0.911591,1.050742,1.306933
48.000000,1.531991,0.626827,0.926957,1.039678,1.740588
49.000000,2.169135,0.937305,0.994386,1.069033,2.502005
50.000000,2.225012,1.241855,1.055477,1.079200,1.253297
51.000000,2.074919,1.481383,1.065495,1.066428,0.680333
52.000000,1.839383,1.898077,1.021736,1.079777,0.567103
53.000000,1.787781,2.371971,1.176251,1.113924,1.555751
54.000000,1.327116,2.337269,1.293213,1.147289,0.810682
55.000000,1.071713,2.176294,1.262634,1.190737,0.280335
56.000000,1.119138,2.107016,1.664941,1.228639,0.835689
57.000000,1.686559,2.290359,2.168574,1.383229,2.520471
58.000000,1.905475,2.337975,2.567421,1.497374,2.283089
59.000000,2.216179,2.226863,2.685885,1.607293,2.152572
60.000000,2.405417,2.205182,2.760319,1.736179,1.652461
61.000000,2.531336,2.314681,2.841745,1.877483,2.028054
62.000000,1.974848,2.131681,2.712946,1.808269,0.368518
63.000000,1.590085,1.926407,2.610291,1.800455,0.640879
64.000000,1.157002,1.774692,2.384209,1.760933,0.245138
65.000000,1.045383,1.816512,2.276779,1.749178,1.123347
66.000000,0.527689,1.633316,2.065324,1.781229,-0.184261
67.000000,0.715807,1.478263,1.993617,1.842296,1.190017
68.000000,0.742130,1.291007,1.872330,1.852016,0.748541
69.000000,0.824879,1.095427,1.700375,1.782451,0.577850
70.000000,0.173951,0.689931,1.444949,1.618948,-1.583877
71.000000,-0.043460,0.283750,1.293370,1.532080,-1.080169
72.000000,-0.979193,-0.090676,1.047418,1.411818,-2.404225
73.000000,-1.924428,-0.616382,0.698309,1.252256,-2.724199
74.000000,-2.458031,-0.973254,0.481751,1.103383,-1.716755
75.000000,-2.515761,-1.570711,0.234140,0.889092,-2.064897
76.000000,-2.348702,-1.712720,0.078513,0.788312,-0.856648
77.000000,-1.936876,-1.999123,-0.226892,0.659322,-0.812450
78.000000,-1.522648,-2.172884,-0.577584,0.462497,-0.970346
79.000000,-1.488667,-2.347295,-1.039775,0.069441,-1.587465
80.000000,-1.224493,-2.144233,-1.368003,-0.183646,-0.968666
81.000000,-1.542125,-2.202400,-1.903679,-0.658967,-2.162022
82.000000,-1.867936,-2.140344,-2.212070,-1.223265,-2.224180
83.000000,-1.945109,-1.951656,-2.352867,-1.738636,-1.521848
84.000000,-1.756592,-1.800006,-2.320596,-1.997215,-0.897925
85.000000,-1.646259,-1.596906,-2.312228,-2.097815,-0.645384
86.000000,-1.267614,-1.504187,-2.167706,-2.151289,-0.398244
87.000000,-0.722590,-1.344765,-2.057201,-2.175772,0.276056
88.000000,-0.371027,-1.214799,-1.957084,-2.198224,0.064520
89.000000,0.000344,-0.948682,-1.805549,-2.105072,0.794595
90.000000,0.261770,-0.793583,-1.594681,-2.030570,0.487860
91.000000,0.563882,-0.456861,-1.418749,-1.966835,0.878512
92.000000,0.712032,-0.072609,-1.195248,-1.789483,0.879143
93.000000,0.908305,0.239728,-0.967526,-1.669733,0.823807
94.000000,1.031345,0.544781,-0.766838,-1.495294,1.302152
95.000000,1.288192,0.867289,-0.518797,-1.386945,1.536055
96.000000,1.490276,1.203463,-0.324891,-1.177784,1.727142
97.000000,1.671077,1.434383,-0.126506,-1.084918,1.675822
98.000000,1.955226,1.759791,0.154976,-0.916343,2.110408
99.000000,2.096160,1.946068,0.526595,-0.737477,2.022438
100.000000,2.310759,2.231926,0.984657,-0.269102,2.617436
101.000000,2.280914,2.290403,1.509237,0.112684,1.915892
102.000000,2.243276,2.303829,2.010592,0.654280,1.855175
103.000000,2.112832,2.276125,2.305546,1.255892,1.699511
104.000000,2.049864,2.223095,2.453634,1.785489,1.801974
105.000000,1.875172,2.158295,2.498954,2.256881,1.761519
106.000000,1.817914,2.082101,2.478405,2.482584,1.672902
107.000000,1.794646,2.042343,2.409328,2.618961,1.764941
108.000000,1.748292,1.954792,2.332870,2.645664,1.522463
109.000000,1.732201,1.915509,2.249460,2.678199,1.735220
110.000000,1.591617,1.755127,2.142712,2.565739,1.103637
111.000000,1.406440,1.627057,2.016458,2.489730,0.749895
112.000000,1.272178,1.547542,1.936609,2.450686,1.092571
113.000000,1.144078,1.464040,1.860053,2.359685,0.869670
114.000000,0.993081,1.390684,1.791668,2.266941,1.061613
115.000000,1.062822,1.358770,1.752010,2.202114,1.496270
116.000000,1.009733,1.238033,1.657254,2.082330,0.355097
117.000000,0.714432,1.036196,1.544188,1.928437,-0.490343
118.000000,0.437842,0.848862,1.428085,1.810874,-0.598455
119.000000,-0.025960,0.566741,1.302118,1.672123,-1.169996
120.000000,-0.546012,0.387113,1.169711,1.584831,-0.713081
121.000000,-0.829509,0.230836,1.065473,1.500104,-0.832122
122.000000,-0.830758,0.051942,0.980618,1.443053,-0.393141
123.000000,-0.938238,-0.173397,0.876695,1.378585,-1.050447
124.000000,-0.689660,-0.347623,0.802925,1.341629,0.019005
125.000000,-0.446436,-0.567052,0.742569,1.319139,0.477207
126.000000,-0.162286,-0.626803,0.677188,1.291822,0.397006
127.000000,0.165731,-0.484171,0.619173,1.290476,1.000127
128.000000,0.819145,-0.237755,0.596855,1.292646,1.453728
129.000000,1.393426,0.282488,0.590016,1.327406,2.146463
130.000000,1.992535,0.932603,0.720281,1.359537,2.693314
131.000000,2.469467,1.651892,0.945693,1.429871,2.557271
132.000000,2.655417,2.193214,1.173614,1.502477,2.348021
133.000000,2.703950,2.652663,1.493468,1.589612,2.298846
134.000000,2.583818,2.758711,1.800085,1.659488,2.040449
135.000000,2.369023,2.725876,2.031836,1.719808,1.867595
136.000000,2.169356,2.662152,2.364191,1.774765,1.717312
137.000000,1.955385,2.518467,2.642465,1.794131,1.407519
138.000000,1.764261,2.379089,2.787631,1.826464,1.400370
139.000000,1.609815,2.215213,2.849273,1.823363,1.314177
140.000000,1.394407,1.981273,2.739805,1.825873,0.854095
141.000000,1.232316,1.792925,2.647332,1.856217,0.941361
142.000000,1.095318,1.612712,2.508381,1.834079,0.755690
143.000000,0.906075,1.414009,2.392635,1.799336,0.487929
144.000000,0.723250,1.239082,2.241289,1.745473,0.430120
145.000000,0.636502,1.084562,2.099894,1.664913,0.437733
146.000000,0.529889,0.945117,1.987460,1.652945,0.429707
147.000000,0.442103,0.828713,1.868319,1.677243,0.338370
148.000000,0.379803,0.696650,1.743961,1.689848,0.184237
149.000000,0.326498,0.571713,1.612962,1.727662,0.166063
150.000000,0.258004,0.491141,1.466491,1.735863,0.091196
151.000000,0.199298,0.404597,1.334681,1.752802,0.159085
152.000000,0.049357,0.286067,1.183512,1.721470,-0.463311
153.000000,-0.062142,0.205510,1.040767,1.725234,-0.411999
154.000000,-0.210728,0.117126,0.905032,1.690524,-0.586916
155.000000,-0.459247,-0.021093,0.755181,1.630271,-1.155683
156.000000,-0.830823,-0.203504,0.598102,1.574824,-1.517622
157.000000,-1.147118,-0.432880,0.443899,1.500165,-1.831611
158.000000,-1.647488,-0.756337,0.243924,1.394933,-2.414426
159.000000,-1.956649,-1.093966,0.044340,1.282219,-1.821974
160.000000,-2.143437,-1.511542,-0.168043,1.112943,-2.180091
161.000000,-1.971968,-1.766856,-0.364388,0.973379,-1.109627
162.000000,-1.837149,-1.874907,-0.592584,0.805789,-1.393433
163.000000,-1.568553,-1.882789,-0.796449,0.622979,-1.117179
164.000000,-1.547011,-1.909929,-1.062715,0.391927,-1.697254
165.000000,-1.454792,-1.872066,-1.357538,0.131000,-1.726991
166.000000,-1.509072,-1.785065,-1.606992,-0.136949,-1.375697
167.000000,-1.530993,-1.714627,-1.799240,-0.419353,-1.490439
168.000000,-1.587528,-1.600988,-1.889383,-0.729924,-1.376268
169.000000,-1.539549,-1.561271,-1.921840,-1.061948,-1.458680
170.000000,-1.418719,-1.452748,-1.895804,-1.312727,-1.136734
171.000000,-1.258935,-1.405359,-1.831144,-1.513480,-0.520524
172.000000,-1.007175,-1.302988,-1.707555,-1.638412,-0.187267
173.000000,-0.723878,-1.212600,-1.606528,-1.683907,0.037916
174.000000,-0.424644,-1.060142,-1.523298,-1.708001,-0.067060
175.000000,-0.196609,-0.901835,-1.433384,-1.723726,-0.148233
176.000000,0.049691,-0.709055,-1.317332,-1.684169,0.652229
177.000000,0.487192,-0.364816,-1.154690,-1.571738,1.861733
178.000000,0.891688,-0.003630,-0.968759,-1.451841,1.780041
179.000000,1.624932,0.562147,-0.745348,-1.280798,2.817171
180.000000,2.101080,1.021348,-0.518458,-1.159660,1.927054
181.000000,2.411463,1.457832,-0.317573,-1.035028,2.235916
182.000000,2.364450,1.778980,-0.078765,-0.884043,1.889934
183.000000,2.408598,2.089652,0.218821,-0.720975,2.216865
184.000000,2.170182,2.282364,0.595981,-0.572846,1.811216
185.000000,2.169468,2.448040,1.077892,-0.358410,2.064561
186.000000,2.029540,2.427305,1.507171,-0.138467,1.675527
187.000000,1.970458,2.316752,1.930896,0.137086,1.718553
188.000000,1.890595,2.244827,2.259144,0.527671,1.856655
189.000000,1.830943,2.072300,2.432910,0.916877,1.591213
190.000000,1.672062,1.956273,2.456745,1.350571,1.313931
191.000000,1.545971,1.811526,2.381753,1.666769,1.089509
192.000000,1.381640,1.688928,2.271998,1.947556,0.910013
193.000000,1.163286,1.536801,2.156085,2.113798,0.770553
194.000000,0.967924,1.414586,2.051645,2.228862,0.626636
195.000000,0.985424,1.355523,2.023411,2.349316,1.410946
196.000000,1.071482,1.342364,1.977964,2.381037,1.512769
197.000000,1.214393,1.332502,1.908172,2.385509,1.598712
198.000000,1.339913,1.279926,1.837715,2.340025,1.354061
199.000000,1.530858,1.271117,1.750623,2.304834,1.545553
200.000000,1.598557,1.310334,1.716696,2.266208,1.747507
201.000000,1.602999,1.354575,1.665835,2.196474,1.520189
202.000000,1.547617,1.400723,1.621607,2.118850,1.305432
203.000000,1.672551,1.528348,1.599528,2.078458,1.940323
204.000000,1.698813,1.644213,1.582993,2.034908,1.649853
205.000000,1.746127,1.704507,1.570257,2.013034,1.982223
206.000000,1.770369,1.720101,1.559718,1.964728,1.594717
207.000000,1.794928,1.704311,1.538053,1.893790,1.358181
208.000000,1.774754,1.765232,1.530705,1.853101,1.855618
209.000000,1.692935,1.742247,1.512702,1.775149,1.273439
210.000000,1.550596,1.699683,1.514315,1.730188,1.330710
211.000000,1.314378,1.596019,1.492556,1.657631,0.420884
212.000000,1.248921,1.576112,1.510879,1.617670,1.015803
213.000000,1.036915,1.459829,1.532623,1.566418,0.842743
214.000000,0.901263,1.356209,1.554416,1.525352,0.613690
215.000000,0.594982,1.138683,1.494154,1.457446,-0.137689
216.000000,0.623054,1.031358,1.457129,1.423668,0.523765
217.000000,0.450150,0.918419,1.400098,1.381183,0.208087
218.000000,0.329835,0.747109,1.362870,1.334684,0.310114
219.000000,0.428672,0.720818,1.346984,1.320160,1.099460
220.000000,0.658449,0.661986,1.306042,1.312201,0.880263
221.000000,0.759231,0.730483,1.285707,1.319482,0.983385
222.000000,0.846769,0.678288,1.262517,1.326812,0.546429
223.000000,0.912821,0.640403,1.190178,1.343950,0.478887
224.000000,0.850507,0.658306,1.151363,1.378735,0.845569
225.000000,1.079760,0.892327,1.127797,1.399324,2.125851
226.000000,1.230024,1.005824,1.114145,1.405324,1.535848
227.000000,1.735707,1.254925,1.147431,1.422190,2.214893
228.000000,2.405849,1.591140,1.166757,1.468882,2.669614
229.000000,2.884154,1.897161,1.269915,1.520959,2.899053
230.000000,2.884378,2.226150,1.368854,1.558096,2.533465
231.000000,2.759352,2.385385,1.509646,1.582915,1.690665
232.000000,2.491369,2.514896,1.579255,1.610469,1.364494
233.000000,2.034040,2.455765,1.614272,1.569813,0.658521
234.000000,1.662449,2.388580,1.704206,1.562724,1.152670
235.000000,1.678963,2.392243,1.968429,1.590424,2.465645
236.000000,1.723077,2.352783,2.093822,1.613831,1.868562
237.000000,1.671444,2.178960,2.164152,1.616594,1.211487
238.000000,1.568653,1.888962,2.131890,1.542983,0.387721
239.000000,1.378753,1.593767,2.028987,1.501962,0.329060
240.000000,0.911828,1.334334,1.942636,1.453116,0.275915
241.000000,0.543214,1.164296,1.852474,1.458085,0.201777
242.000000,0.389134,1.075794,1.821874,1.443647,0.545245
243.000000,0.672761,1.192162,1.874595,1.496757,1.635230
244.000000,0.755034,1.141164,1.825513,1.510112,0.670627
245.000000,1.138441,1.085019,1.821135,1.631146,1.933491
246.000000,1.481638,1.063714,1.823787,1.697469,1.693232
247.000000,1.696044,1.095216,1.782497,1.764798,1.477910
248.000000,1.674675,1.236708,1.722366,1.824855,1.497388
249.000000,1.779687,1.339127,1.616369,1.819529,1.052809
250.000000,1.641355,1.485303,1.542246,1.837516,1.320827
251.000000,1.550051,1.630205,1.513858,1.845496,1.289520
252.000000,1.314074,1.637415,1.452195,1.829297,0.365218
253.000000,1.046053,1.504317,1.431323,1.810068,0.221588
254.000000,0.586038,1.373865,1.321605,1.729963,-1.190443
255.000000,0.188233,1.145377,1.174577,1.655230,-0.268215
256.000000,-0.241192,0.949336,1.072144,1.610504,-0.122145
257.000000,-0.339221,0.799236,1.032808,1.558244,0.183794
258.000000,1.559524,1.557714,1.433467,1.727305,4.336456
259.000000,2.835806,2.056350,1.705994,1.773432,2.565124
260.000000,3.340391,2.457656,1.987874,1.830096,2.544453
261.000000,3.368208,2.656894,2.195341,1.885786,2.116961
262.000000,3.693653,3.304543,2.602538,2.130082,3.663655
263.000000,3.309070,3.487018,2.793187,2.334786,3.067735
264.000000,3.072498,3.415732,2.852033,2.404500,2.294078
265.000000,2.896275,3.267257,2.800942,2.407391,2.242701
266.000000,2.759392,3.099240,2.725472,2.397863,2.010153
267.000000,2.343558,2.906119,2.616106,2.363600,1.619733
268.000000,1.998687,2.572864,2.500765,2.334169,1.396567
269.000000,1.818923,2.402007,2.425703,2.311095,1.441861
270.000000,1.601294,2.233435,2.329690,2.267372,1.188076
271.000000,1.404343,2.100848,2.239646,2.217808,1.055992
272.000000,1.234547,1.836827,2.162019,2.148151,0.796628
273.000000,1.002758,1.557516,2.054257,2.028677,0.261045
274.000000,0.911979,1.432784,2.044895,1.999431,1.006192
275.000000,0.962631,1.354413,2.048982,1.976186,1.416847
276.000000,1.081349,1.314353,2.057643,1.969906,1.578292
277.000000,1.244117,1.308835,2.053711,1.963418,1.525571
278.000000,1.692706,1.429827,2.027616,2.012190,2.306945
279.000000,1.890756,1.506346,2.015105,2.038706,1.980267
280.000000,1.927820,1.568546,1.979345,2.035706,1.672818
281.000000,1.926982,1.637243,1.954770,2.030296,1.643207
282.000000,1.917049,1.713911,1.865765,2.029007,1.551665
283.000000,1.735508,1.815764,1.783700,2.019269,1.424400
284.000000,1.598228,1.828868,1.727667,2.014777,1.315382
285.000000,1.543157,1.817028,1.681104,2.005572,1.406231
286.000000,1.461859,1.777177,1.636814,1.986759,1.233649
287.000000,1.414492,1.755135,1.618269,1.970691,1.311934
288.000000,1.393496,1.651033,1.612432,1.908337,1.321139
289.000000,1.434095,1.597424,1.614975,1.879416,1.505622
290.000000,1.481604,1.592238,1.638232,1.856929,1.636813
291.000000,1.548726,1.582258,1.663013,1.838588,1.535928
292.000000,1.602205,1.585171,1.701375,1.782753,1.586844
293.000000,1.637817,1.594860,1.759544,1.731991,1.536162
294.000000,1.600050,1.598092,1.768891,1.695528,1.381072
295.000000,1.496102,1.564499,1.747147,1.653063,1.182743
296.000000,1.415568,1.547018,1.716647,1.617509,1.156937
297.000000,1.344407,1.531475,1.694758,1.599328,1.240983
298.000000,1.269473,1.508457,1.624996,1.587179,1.173281
299.000000,1.219246,1.464031,1.571757,1.573067,1.140319
300.000000,1.170328,1.387272,1.527675,1.561755,0.938101
301.000000,1.166865,1.344226,1.496397,1.562867,1.138395
302.000000,1.187900,1.317022,1.482342,1.580387,1.368750
303.000000,1.315453,1.337051,1.498965,1.629579,1.922097
304.000000,1.414608,1.349168,1.509667,1.644344,1.659725
305.000000,1.527301,1.363162,1.502075,1.638294,1.366682
306.000000,1.567066,1.367842,1.496435,1.622278,1.140282
307.000000,1.515827,1.350029,1.478536,1.604784,0.915289
308.000000,1.351315,1.362986,1.470133,1.560382,1.244125
309.000000,1.141314,1.340544,1.431805,1.516500,0.724779
310.000000,0.987862,1.343489,1.383280,1.485083,0.677021
311.000000,0.990210,1.358479,1.357674,1.465349,1.197720
312.000000,1.108939,1.363237,1.338980,1.455837,1.492783
313.000000,1.158115,1.290213,1.323534,1.452177,1.483435
314.000000,1.305440,1.247754,1.315822,1.451751,1.399130
315.000000,1.434845,1.232010,1.319028,1.443358,1.260447
316.000000,1.276663,1.157092,1.293670,1.423512,0.278287
317.000000,0.900464,1.041664,1.237348,1.385976,-0.589429
318.000000,0.600265,0.939804,1.207079,1.361196,-0.006415
319.000000,0.333210,0.929156,1.190396,1.333344,0.306763
320.000000,-0.239322,0.807463,1.148679,1.275071,-1.135046
321.000000,-0.864703,0.485804,1.044869,1.201020,-2.228361
322.000000,-1.271767,0.060268,0.907995,1.123372,-2.031280
323.000000,-1.666629,-0.386282,0.726373,1.055381,-1.458896
324.000000,-1.969150,-0.841347,0.569116,1.000194,-1.102619
325.000000,-1.831640,-1.258663,0.446607,0.965556,-0.690491
326.000000,-1.471649,-1.490953,0.332026,0.931269,-0.712468
327.000000,-1.018610,-1.461941,0.263363,0.903209,-0.146944
328.000000,-0.813757,-1.575417,0.113939,0.864403,-0.624142
329.000000,-0.761005,-1.740470,-0.026875,0.815344,-0.893851
330.000000,-1.091605,-1.855390,-0.294444,0.737805,-1.941381
331.000000,-1.432132,-1.816652,-0.722349,0.614345,-1.988543
332.000000,-2.156187,-1.992637,-1.457141,0.348834,-2.942162
333.000000,-2.363595,-2.022282,-2.047585,0.018980,-1.971318
334.000000,-2.354452,-1.995610,-2.400592,-0.308794,-1.459236
335.000000,-2.109228,-1.954448,-2.523448,-0.621493,-1.045839
336.000000,-1.980631,-1.977661,-2.496510,-0.993526,-1.444267
337.000000,-1.809247,-2.145573,-2.455662,-1.447229,-2.121908
338.000000,-1.712536,-2.162752,-2.386336,-1.862488,-1.562018
339.000000,-1.672927,-2.127285,-2.318169,-2.126409,-1.342589
340.000000,-1.597169,-1.956890,-2.148626,-2.230682,-0.810850
341.000000,-1.393172,-1.773904,-1.941628,-2.276152,-0.511953
342.000000,-1.102859,-1.530192,-1.798752,-2.310869,-0.758128
343.000000,-1.058887,-1.465470,-1.750523,-2.347350,-1.391331
344.000000,-1.108391,-1.479127,-1.741825,-2.351348,-1.614037
345.000000,-1.308939,-1.542378,-1.760199,-2.328781,-1.686702
346.000000,-1.590814,-1.562585,-1.779220,-2.251933,-1.662509
347.000000,-1.920617,-1.563791,-1.855002,-2.189206,-2.158888
348.000000,-2.058220,-1.619796,-1.899701,-2.157812,-2.020047
349.000000,-2.227013,-1.760624,-1.960117,-2.166331,-2.397178
350.000000,-2.149086,-1.852615,-1.920957,-2.086524,-1.473131
351.000000,-2.025144,-1.935453,-1.868198,-1.981539,-1.242165
352.000000,-1.898839,-2.017333,-1.790081,-1.918873,-1.630307
353.000000,-1.770852,-1.997887,-1.752081,-1.874390,-1.469378
354.000000,-1.596832,-1.969734,-1.749013,-1.853734,-1.580337
355.000000,-1.573859,-1.917611,-1.755534,-1.841139,-1.406446
356.000000,-1.597016,-1.871676,-1.743016,-1.832008,-1.395602
357.000000,-1.508190,-1.763308,-1.685825,-1.830981,-1.211242
358.000000,-1.436150,-1.661925,-1.656069,-1.817004,-1.099941
359.000000,-1.291993,-1.496732,-1.629635,-1.791995,-0.841091
360.000000,-1.100969,-1.393278,-1.616693,-1.733860,-0.420589
361.000000,-0.938292,-1.339877,-1.632427,-1.687502,-0.635860
362.000000,-0.763667,-1.219293,-1.619985,-1.600484,-0.444886
363.000000,-0.636241,-1.125326,-1.579627,-1.550847,-0.566281
364.000000,-0.578653,-1.014684,-1.531723,-1.521879,-0.598009
365.000000,-0.511905,-0.872878,-1.461332,-1.494595,-0.070115
366.000000,-0.437057,-0.743712,-1.404879,-1.463539,-0.287634
367.000000,-0.342897,-0.602082,-1.304738,-1.397581,0.018385
368.000000,-0.227951,-0.477311,-1.212910,-1.357018,-0.053728
369.000000,-0.083410,-0.378295,-1.087732,-1.326099,0.021520
370.000000,-0.029727,-0.317526,-1.014766,-1.318538,0.207129
371.000000,-0.003349,-0.266144,-0.978129,-1.340766,-0.250484
372.000000,0.116030,-0.162169,-0.880855,-1.337300,0.803955
373.000000,0.391761,0.021645,-0.771680,-1.299200,1.462721
374.000000,0.751704,0.249916,-0.636109,-1.252346,1.535109
375.000000,1.158209,0.420952,-0.498264,-1.203756,1.513796
376.000000,2.197657,0.863000,-0.259720,-1.116958,3.043574
377.000000,2.301170,1.140128,-0.072629,-1.032075,1.361255
378.000000,2.428876,1.623744,0.205413,-0.910014,2.327673
379.000000,2.153501,1.827627,0.400101,-0.781477,0.942512
380.000000,1.823327,1.830255,0.522549,-0.721759,0.313196
381.000000,1.302326,1.901300,0.725856,-0.658942,0.694948
382.000000,0.699221,1.532703,0.762239,-0.625483,-1.325145
383.000000,-0.391840,1.014601,0.728578,-0.640270,-2.105607
384.000000,-1.259018,0.442702,0.610860,-0.666981,-2.432836
385.000000,-2.102626,-0.278138,0.220543,-0.780848,-2.886052
386.000000,-2.732289,-1.206915,-0.160517,-0.906111,-2.482808
387.000000,-2.901672,-1.967078,-0.733238,-1.142479,-2.664021
388.000000,-2.796994,-2.602415,-1.233519,-1.392008,-2.218783
389.000000,-2.591073,-2.783920,-1.643701,-1.657466,-1.890179
390.000000,-2.263611,-2.747393,-1.922930,-1.927567,-1.505768
391.000000,-1.970351,-2.668135,-2.010658,-2.069891,-1.160300
392.000000,-1.633747,-2.448256,-2.128365,-2.209565,-1.021633
393.000000,-1.390453,-2.230419,-2.242532,-2.293871,-1.031145
394.000000,-1.194480,-2.021835,-2.298913,-2.310806,-0.946806
395.000000,-1.131844,-1.831762,-2.352955,-2.394017,-1.199865
396.000000,-1.149336,-1.693930,-2.458642,-2.409119,-1.243962
397.000000,-1.283939,-1.590944,-2.480823,-2.492300,-1.644978
398.000000,-1.380734,-1.511801,-2.504408,-2.503627,-1.499854
399.000000,-1.446693,-1.441837,-2.426461,-2.469771,-1.305026
400.000000,-1.403272,-1.379197,-2.312153,-2.400360,-1.030725
401.000000,-1.326079,-1.338518,-2.219515,-2.290848,-0.894616
402.000000,-1.209318,-1.335033,-2.097503,-2.249749,-1.072178
403.000000,-0.946809,-1.236347,-1.913203,-2.148069,-0.209120
404.000000,-0.723468,-1.154350,-1.750330,-2.064018,-0.201254
405.000000,-0.631427,-1.092309,-1.612435,-2.020317,-0.589466
406.000000,-0.533431,-1.012542,-1.492191,-2.016191,-0.425745
407.000000,-0.290333,-0.840696,-1.340305,-1.941941,0.088155
408.000000,-0.330474,-0.723777,-1.241086,-1.938811,-0.408493
409.000000,-0.220664,-0.550502,-1.122755,-1.866787,0.559075
410.000000,0.146720,-0.349366,-1.004342,-1.772425,1.322379
411.000000,0.542788,-0.151483,-0.916541,-1.711472,1.444701
412.000000,1.077577,0.188540,-0.809461,-1.590789,2.319261
413.000000,1.848540,0.435646,-0.703770,-1.467783,2.026168
414.000000,2.199166,0.728653,-0.609515,-1.352973,1.615756
415.000000,2.221074,1.229157,-0.475107,-1.212779,1.684323
416.000000,2.192741,1.762963,-0.309051,-1.077707,1.726051
417.000000,1.919596,2.067403,-0.085630,-0.928998,1.381140
418.000000,1.775996,2.323043,0.176852,-0.779959,1.514067
419.000000,1.837331,2.354473,0.500888,-0.609813,1.947672
420.000000,0.990114,1.735510,0.532396,-0.632658,-1.925979
421.000000,0.334477,1.342121,0.622705,-0.640455,-1.097336
422.000000,-0.043086,1.020264,0.840630,-0.614044,-0.277735
423.000000,-0.725298,0.578860,0.816179,-0.647498,-1.270783
424.000000,-1.366867,0.253556,0.830912,-0.666297,-0.817130
425.000000,-1.046011,-0.066860,0.929002,-0.648951,-0.661767
426.000000,-0.970803,-0.432035,0.939653,-0.634654,-0.812195
427.000000,-1.182410,-0.812031,0.767269,-0.584713,-1.187231
428.000000,-1.045841,-1.125706,0.720752,-0.485809,-0.746643
429.000000,-0.963354,-1.440353,0.570776,-0.354212,-0.474208
430.000000,-0.837886,-1.156325,0.391294,-0.190304,-0.112745
431.000000,-0.584614,-0.952217,0.286840,0.054354,0.254043
432.000000,-0.241189,-0.892248,0.079631,0.428304,0.173468
433.000000,-0.160299,-0.770008,-0.214192,0.485365,-0.457775
434.000000,-0.227118,-0.760982,-0.538352,0.471488,-0.747503
435.000000,-0.423215,-0.796997,-0.928597,0.559507,-0.869433
436.000000,-0.805574,-0.864465,-1.413967,0.395882,-1.213738
437.000000,-1.119381,-0.848230,-1.799184,-0.004943,-1.097226
438.000000,-1.304567,-0.931824,-2.163605,-0.293465,-1.249466
439.000000,-1.537852,-1.142352,-2.536413,-1.103915,-1.744593
440.000000,-1.741627,-1.406281,-2.355653,-2.069148,-1.829950
441.000000,-1.701576,-1.583812,-2.211697,-2.622157,-1.204529
442.000000,-1.643716,-1.689504,-2.141072,-2.991184,-0.996489
443.000000,-1.590170,-1.712638,-1.981438,-3.090089,-1.061686
444.000000,-1.402837,-1.680415,-1.873240,-2.997933,-0.904404
445.000000,-1.093118,-1.592646,-1.750321,-2.831651,-0.446980
446.000000,-0.995144,-1.520928,-1.657382,-2.728284,-0.738054
447.000000,-0.868165,-1.435889,-1.519540,-2.577260,-0.359350
448.000000,-0.554759,-1.279817,-1.391879,-2.422797,0.430306
449.000000,-0.148713,-1.027204,-1.289408,-2.331420,1.055421
450.000000,0.700415,-0.476945,-1.101427,-1.851880,2.867596
451.000000,1.782579,0.117457,-0.927557,-1.489522,2.771799
452.000000,2.360539,0.674028,-0.808052,-1.285316,1.927724
453.000000,2.658023,1.428590,-0.559834,-0.950530,2.394742
454.000000,2.854449,2.205711,-0.190992,-0.599915,2.694878
455.000000,2.545306,2.522116,0.130592,-0.342037,1.813503
456.000000,2.307657,2.711857,0.546800,-0.049798,1.834607
457.000000,2.244891,2.736522,0.999050,0.298038,1.842077
458.000000,2.114707,2.658251,1.497079,0.621433,1.831918
459.000000,1.999330,2.610032,2.074482,0.977782,2.097016
460.000000,1.903975,2.377708,2.430525,1.211179,1.480549
461.000000,1.834961,2.202444,2.606935,1.425392,1.577039
462.000000,1.818227,2.142433,2.690417,1.675230,1.783727
463.000000,1.788811,2.048460,2.695908,1.927933,1.713892
464.000000,1.704079,1.932251,2.648818,2.137088,1.679123
465.000000,1.727973,1.892775,2.563903,2.286622,1.658101
466.000000,1.729234,1.852513,2.495748,2.389862,1.636182
467.000000,1.700107,1.817470,2.421140,2.433861,1.654105
468.000000,1.650398,1.765669,2.321960,2.430877,1.490554
469.000000,1.570879,1.673025,2.220991,2.409610,1.304484
470.000000,1.481239,1.627524,2.088279,2.371589,1.217642
471.000000,1.389839,1.576025,1.972049,2.302811,1.178522
472.000000,1.265833,1.497765,1.887165,2.224744,1.032177
473.000000,1.159751,1.422778,1.793807,2.156778,0.959654
474.000000,1.097016,1.356250,1.698043,2.096820,0.992957
475.000000,1.034254,1.284290,1.635650,2.030375,0.901191
476.000000,0.998919,1.223374,1.583180,1.988504,1.024817
477.000000,1.005951,1.161401,1.535324,1.947970,1.087128
478.000000,1.073656,1.132652,1.498673,1.909272,1.332248
479.000000,1.142745,1.125274,1.450254,1.874241,1.355399
480.000000,1.230145,1.122731,1.428348,1.810152,1.271753
481.000000,1.275164,1.119689,1.401969,1.747270,1.191247
482.000000,1.292983,1.132536,1.364537,1.704795,1.119090
483.000000,1.291915,1.175242,1.337670,1.658822,1.346490
484.000000,1.333696,1.236503,1.319839,1.609585,1.586653
485.000000,1.477769,1.353056,1.315911,1.593677,1.991176
486.000000,1.677060,1.473079,1.318424,1.580934,2.126185
487.000000,1.755800,1.527048,1.297253,1.552893,1.455635
488.000000,1.824444,1.567752,1.294917,1.529982,1.662389
489.000000,1.589449,1.481365,1.261801,1.470456,0.279456
490.000000,1.238690,1.397466,1.231397,1.433268,0.088313
491.000000,0.597796,1.230000,1.168870,1.376765,-1.172991
492.000000,-0.061227,1.021046,1.101597,1.306788,-1.666086
493.000000,-0.999603,0.704291,1.016272,1.230115,-2.152206
494.000000,-1.139975,0.538017,1.004060,1.194276,0.018296
495.000000,-1.274843,0.231748,0.987493,1.151516,-0.310457
496.000000,-1.215714,-0.241221,0.930912,1.095352,-0.865162
497.000000,-1.072089,-0.681928,0.849918,1.027965,-1.034906
498.000000,-0.582936,-1.059842,0.779416,0.984393,-0.185485
499.000000,-0.606322,-1.166952,0.707244,0.952778,-0.079523
500.000000,-0.491873,-1.178075,0.649536,0.931424,0.160839
501.000000,-0.091777,-0.877755,0.636118,0.929209,0.772326
502.000000,0.368357,-0.483849,0.637838,0.942639,0.814695
503.000000,0.546581,-0.029674,0.591763,0.956839,0.522732
504.000000,0.640156,0.015738,0.481189,0.963462,0.285392
505.000000,0.398717,-0.075724,0.161757,0.938549,-0.833433
506.000000,0.001947,-0.065533,-0.273882,0.900608,-0.794973
507.000000,-0.148257,0.168102,-0.552287,0.904339,0.243353
508.000000,0.127859,0.497380,-0.716225,0.959917,1.523972
509.000000,1.875562,1.802319,0.570747,1.379596,4.305414
510.000000,3.082769,2.629309,2.059395,1.806711,3.192869
511.000000,3.516075,3.002237,3.358684,2.236658,2.778162
512.000000,3.433408,3.075680,3.768223,2.558127,2.313940
513.000000,3.187300,3.034636,3.722975,2.724610,2.011337
514.000000,2.733513,3.027337,3.494725,2.833583,2.219340
515.000000,2.439888,2.990768,3.280132,2.797106,1.958372
516.000000,2.166910,2.877508,3.080708,2.672990,1.615647
517.000000,2.078746,2.791445,2.981233,2.646090,1.950290
518.000000,1.939841,2.612851,2.800033,2.531431,1.464766
519.000000,1.766446,2.312012,2.655359,2.482399,1.425674
520.000000,1.619285,2.091511,2.520554,2.419949,1.286086
521.000000,1.523073,1.907075,2.390572,2.380428,1.189360
522.000000,1.363220,1.771988,2.285937,2.348259,1.180057
523.000000,1.258068,1.646735,2.187876,2.304882,0.961912
524.000000,1.179425,1.519759,2.118610,2.227306,1.048195
525.000000,1.118963,1.414973,2.074597,2.163481,0.994621
526.000000,1.123877,1.370099,2.050117,2.134432,1.215474
527.000000,1.105273,1.278595,2.002415,2.101892,1.092195
528.000000,1.142657,1.243221,1.945197,2.062531,1.140910
529.000000,1.097772,1.179424,1.795944,2.007341,0.812694
530.000000,1.073598,1.135849,1.681910,1.959526,0.854527
531.000000,1.000666,1.103516,1.583277,1.910728,0.857188
532.000000,0.970476,1.080483,1.509414,1.872520,0.944442
533.000000,0.903837,1.071368,1.444525,1.837918,0.822728
534.000000,0.927218,1.061074,1.374262,1.814538,0.906848
535.000000,0.934502,1.054681,1.315253,1.805793,0.870554
536.000000,0.946672,1.020850,1.276065,1.798337,0.900437
537.000000,0.902691,0.983743,1.208091,1.774575,0.640886
538.000000,0.932991,0.948228,1.174278,1.743774,0.960949
539.000000,0.976202,0.970063,1.145388,1.654709,1.186469
540.000000,0.924881,0.952999,1.111839,1.572315,0.392728
541.000000,0.821612,0.936428,1.084732,1.496843,0.439440
542.000000,0.655194,0.865775,1.045774,1.427000,-0.225083
543.000000,0.652038,0.884073,1.044079,1.379810,1.006359
544.000000,0.396691,0.822566,1.019844,1.312463,0.109808
545.000000,0.223812,0.701117,0.989818,1.248950,-0.415165
546.000000,0.033372,0.540918,0.935835,1.202402,-0.374106
547.000000,-0.209120,0.314647,0.866638,1.124815,-1.314075
548.000000,-0.632159,0.111593,0.796044,1.078873,-0.653937
549.000000,-1.004688,-0.242622,0.739261,1.024775,-1.391758
550.000000,-1.247280,-0.498555,0.665458,0.976476,-1.412645
551.000000,-1.214126,-0.635909,0.612339,0.945684,-0.232658
552.000000,-1.016167,-0.688289,0.524935,0.910547,-0.428911
553.000000,-0.949316,-0.914833,0.447425,0.893279,-0.251581
554.000000,-0.695956,-1.020016,0.323389,0.867481,-0.322616
555.000000,0.249363,-0.697998,0.310719,0.880827,2.211532
556.000000,1.237035,-0.146799,0.399876,0.892682,2.932637
557.000000,2.239336,0.714111,0.660753,0.928750,2.848607
558.000000,2.665374,1.330267,0.872004,0.948089,2.066050
559.000000,3.021068,2.152327,1.212398,1.041514,2.536142
560.000000,2.678980,2.526070,1.566264,1.110518,1.476236
561.000000,2.284045,2.581113,1.925544,1.193684,1.350353
562.000000,1.958775,2.610521,2.355318,1.289035,1.423551
563.000000,1.988605,2.703768,2.648292,1.492778,2.186268
564.000000,1.813701,2.676953,2.826023,1.683927,1.739623
565.000000,1.738937,2.431083,2.843755,1.834751,1.255038
566.000000,1.828982,2.263631,2.873936,2.001241,1.836677
567.000000,1.878265,2.108820,2.911771,2.139955,1.760491
568.000000,1.617918,1.938091,2.752867,2.114561,1.009404
569.000000,1.542118,1.794834,2.700553,2.107160,1.395157
570.000000,1.409040,1.668275,2.563913,2.068804,0.688480
571.000000,1.209811,1.588526,2.419716,2.043637,0.867635
572.000000,0.996315,1.495785,2.300164,2.036088,0.737289
573.000000,0.926287,1.331765,2.188059,1.958274,0.680085
574.000000,0.879106,1.271611,2.136076,1.970629,1.173410
575.000000,0.813191,1.171568,1.959530,1.931941,0.366658
576.000000,0.598540,0.958072,1.745852,1.852086,-0.186910
577.000000,0.452022,0.772751,1.569032,1.837391,0.004865
578.000000,0.262506,0.644946,1.426020,1.786944,-0.263689
579.000000,-0.097314,0.452389,1.258797,1.761616,-0.464377
580.000000,-0.398333,0.289498,1.125114,1.717355,-1.079693
581.000000,-0.521939,0.125969,1.025154,1.665265,-0.728584
582.000000,-0.808569,-0.073402,0.906818,1.611549,-1.210384
583.000000,-0.915297,-0.220800,0.776870,1.595005,-0.437936
584.000000,0.386850,0.091506,0.943067,1.819794,4.201231
585.000000,2.070168,0.607535,1.135240,1.935005,3.213799
586.000000,3.360794,1.468801,1.330655,2.032684,3.110023
587.000000,3.651842,2.184575,1.467931,2.054963,2.280245
588.000000,3.487740,2.764847,1.646597,2.077790,1.966851
589.000000,2.904592,3.110045,1.807421,2.079100,2.042909
590.000000,2.559123,3.234327,2.012419,2.109495,1.922561
591.000000,2.243857,3.172271,2.172458,2.130441,1.812483
592.000000,2.020211,3.033789,2.263429,2.111785,1.414957
593.000000,1.946744,2.904742,2.374471,2.088427,1.723810
594.000000,1.721592,2.483736,2.335313,2.029352,1.079978
595.000000,1.547994,2.205647,2.352695,2.002164,1.143148
596.000000,1.376216,1.944150,2.365237,1.943934,1.026092
597.000000,1.339127,1.806855,2.364661,1.909772,1.252449
598.000000,1.195274,1.684363,2.338893,1.893762,1.055729
599.000000,1.151311,1.543475,2.291374,1.851213,0.896533
600.000000,1.098486,1.422413,2.259584,1.841924,0.908535
601.000000,1.060165,1.309960,2.206216,1.822560,0.856419
602.000000,0.882558,1.191210,2.130463,1.778716,0.410370
603.000000,0.789693,1.065750,2.059247,1.757226,0.614689
604.000000,0.730366,1.012007,1.871713,1.719892,0.614469
605.000000,0.622463,0.928778,1.708999,1.701295,0.396724
606.000000,0.561810,0.880431,1.564164,1.715050,0.582394
607.000000,0.626951,0.819579,1.470542,1.727770,0.715298
608.000000,0.701420,0.808041,1.411367,1.760493,0.988387
609.000000,0.697504,0.773456,1.325136,1.771473,0.560715
610.000000,0.782187,0.751059,1.254484,1.800073,0.727785
611.000000,0.840555,0.738358,1.191195,1.818631,0.788253
612.000000,0.968037,0.826373,1.169974,1.856684,1.422408
613.000000,1.286485,0.977550,1.161831,1.900965,3.523633
614.000000,2.045379,1.207359,1.216771,1.848207,3.403610
615.000000,2.881259,1.550436,1.276723,1.811257,3.084990
616.000000,3.261396,1.881427,1.343320,1.758806,2.614843
617.000000,3.257667,2.260227,1.420428,1.748611,2.814667
618.000000,2.757716,2.379190,1.451029,1.704536,1.430499
619.000000,2.466182,2.577422,1.530493,1.676026,1.933017
620.000000,2.296505,2.671879,1.630563,1.662928,2.169878
621.000000,2.312803,2.739788,1.774908,1.676085,2.566429
622.000000,2.157136,2.645072,1.922290,1.687679,2.044362
623.000000,2.145993,2.445544,2.003432,1.664638,1.630774
624.000000,2.135952,2.317106,2.107532,1.695086,1.974417
625.000000,2.012510,2.167929,2.181480,1.704276,1.621454
626.000000,1.709507,1.996407,2.173513,1.693097,1.069159
627.000000,1.544675,1.839608,2.156169,1.679827,1.226863
628.000000,1.522049,1.829261,2.133968,1.692450,1.507339
629.000000,1.378336,1.755981,2.112867,1.701443,1.259775
630.000000,1.257458,1.644192,2.059453,1.697626,1.032647
631.000000,1.234554,1.490746,2.001078,1.693754,0.964494
632.000000,1.170615,1.378783,1.928514,1.711017,0.906750
633.000000,1.002483,1.285271,1.822372,1.706717,0.672689
634.000000,0.352644,0.896258,1.567533,1.586013,-1.980457
635.000000,-0.174414,0.594905,1.370480,1.514540,-1.440198
636.000000,-0.755322,0.331810,1.189424,1.435870,-1.525518
637.000000,-1.241280,0.080696,1.024315,1.378243,-1.076331
638.000000,-1.658218,-0.239112,0.912863,1.308076,-1.113324
639.000000,-1.459246,-0.558205,0.778650,1.262622,-1.112974
640.000000,-1.373912,-0.868012,0.627301,1.215960,-1.052413
641.000000,-1.290277,-1.204529,0.422434,1.164837,-1.158928
642.000000,-1.240545,-1.489454,0.245687,1.117454,-0.843565
643.000000,-1.275915,-1.770059,0.037243,1.012279,-1.269380
644.000000,-1.413429,-1.720744,-0.283222,0.854622,-1.709048
645.000000,-1.585125,-1.755166,-0.641931,0.660963,-1.822411
646.000000,-1.661825,-1.732096,-0.966644,0.464498,-1.579151
647.000000,-1.806952,-1.768063,-1.341962,0.197298,-1.654349
648.000000,-1.756580,-1.730290,-1.695070,0.003456,-1.210987
649.000000,-1.610688,-1.682194,-1.966131,-0.258124,-1.116842
650.000000,-1.430084,-1.632606,-2.131585,-0.591860,-1.019465
651.000000,-1.271653,-1.560575,-2.198848,-1.020223,-0.867534
652.000000,-1.054201,-1.504246,-2.186535,-1.413759,-0.651553
653.000000,-0.853194,-1.373752,-2.102280,-1.712691,-0.256150
654.000000,-0.664143,-1.207791,-1.841578,-1.994218,-0.209678
655.000000,-0.460177,-1.018953,-1.653038,-2.135282,-0.056222
656.000000,-0.277691,-0.854727,-1.487635,-2.148510,-0.037332
657.000000,-0.203333,-0.708582,-1.395237,-2.173701,-0.357820
658.000000,-0.189711,-0.597480,-1.304294,-2.177459,-0.197862
659.000000,-0.128003,-0.465134,-1.212634,-2.119796,0.105507
660.000000,-0.010981,-0.293637,-1.116763,-2.022501,0.587233
661.000000,0.177296,-0.101542,-1.016184,-1.926842,0.930945
662.000000,0.569568,0.101371,-0.939894,-1.842425,1.255241
663.000000,0.756268,0.152437,-0.897054,-1.815710,-0.175327
664.000000,0.640159,0.137106,-0.840585,-1.645894,-0.978545
665.000000,-0.407278,-0.164677,-0.849565,-1.609846,-2.954035
666.000000,-1.592528,-0.544371,-0.869018,-1.571627,-2.492477
667.000000,-2.364675,-0.835986,-0.845791,-1.547187,-1.751556
668.000000,-2.487868,-1.182474,-0.856173,-1.518366,-1.457768
669.000000,-2.390127,-1.586915,-0.870217,-1.493009,-1.242118
670.000000,-1.978024,-2.068175,-0.909802,-1.485529,-1.308461
671.000000,-1.915924,-2.624443,-1.064696,-1.525792,-2.207944
672.000000,-1.829147,-2.808314,-1.223817,-1.561483,-1.473026
673.000000,-1.712888,-2.642215,-1.447671,-1.558506,-1.056367
674.000000,-1.703338,-2.494074,-1.738692,-1.540951,-1.310412
675.000000,-1.509342,-2.087562,-1.967132,-1.473570,-0.574622
676.000000,-1.140096,-1.787557,-2.189495,-1.423838,-0.620741
677.000000,-0.976725,-1.617616,-2.306896,-1.367627,-0.762214
678.000000,-0.745125,-1.399638,-2.273955,-1.309396,-0.030086
679.000000,-0.389013,-1.185636,-2.191601,-1.240863,0.267806
680.000000,-0.075249,-0.906003,-2.067766,-1.143888,0.801165
681.000000,0.434378,-0.402726,-1.864465,-0.999663,1.542619
682.000000,0.999211,0.031376,-1.671237,-0.853976,1.632503
683.000000,1.254848,0.339240,-1.441380,-0.782526,1.129495
684.000000,1.401425,0.663906,-1.203247,-0.717216,1.011371
685.000000,1.384044,0.852088,-0.837745,-0.683632,0.797178
686.000000,1.309397,1.099948,-0.429419,-0.602864,1.212924
687.000000,1.334445,1.427577,0.014972,-0.391014,1.718479
688.000000,1.292819,1.530129,0.333417,-0.262796,0.972738
689.000000,1.166798,1.520951,0.560046,-0.227906,0.477863
690.000000,1.045202,1.428680,0.767366,-0.285921,0.259410
691.000000,0.861206,1.272979,1.121046,-0.373662,0.355487
692.000000,0.651127,1.167678,1.441041,-0.414846,0.799072
693.000000,0.685209,1.169571,1.730660,-0.193034,1.134697
694.000000,0.915676,1.228959,2.053062,0.266320,1.464858
695.000000,1.118127,1.267172,2.170911,1.111977,1.223496
696.000000,1.382785,1.304096,2.290273,2.137074,1.678086
697.000000,1.504005,1.243580,2.342796,2.773521,1.463544
698.000000,1.888083,1.476819,2.456045,3.313298,2.786432
699.000000,2.154590,1.736920,2.489531,3.406603,2.575473
700.000000,2.349538,1.949358,2.440062,3.306856,2.264830
701.000000,2.278232,2.022322,2.276551,3.146873,1.556311
702.000000,2.260869,2.063445,2.145320,2.971541,1.600165
703.000000,1.988858,2.057922,2.054267,2.797881,1.420943
704.000000,1.781140,2.049523,1.997680,2.688312,1.551414
705.000000,1.591267,2.040941,1.950788,2.549814,1.372197
706.000000,1.458933,1.948810,1.861694,2.410203,0.898652
707.000000,1.384873,1.920871,1.784766,2.324979,1.235058
708.000000,1.303485,1.748309,1.743270,2.215035,1.007768
709.000000,1.184314,1.584556,1.733383,2.114831,0.984168
710.000000,1.097305,1.442982,1.739261,2.014477,0.969692
711.000000,1.160694,1.403523,1.757860,1.916390,1.188932
712.000000,1.049965,1.305905,1.737045,1.808729,0.736715
713.000000,0.962675,1.214317,1.701151,1.729338,0.604512
714.000000,0.988885,1.159783,1.683891,1.687975,1.107338
715.000000,0.946140,1.089277,1.660712,1.646921,0.767721
716.000000,0.895619,1.097839,1.628138,1.607590,0.958593
717.000000,0.988933,1.088413,1.616590,1.564265,1.165898
718.000000,1.118979,1.110607,1.533950,1.552678,1.204434
719.000000,0.955800,1.039115,1.408405,1.528063,0.307019
720.000000,1.010472,1.044485,1.333914,1.542550,1.032664
721.000000,1.011753,1.016914,1.303607,1.556639,0.973934
722.000000,0.907960,1.017311,1.255114,1.554513,0.625449
723.000000,0.661544,0.985049,1.193427,1.531738,-0.089173
724.000000,0.804801,0.954158,1.153210,1.524026,0.782383
725.000000,0.692354,0.952485,1.115657,1.521168,0.473296
726.000000,0.737526,0.984185,1.139413,1.518531,1.309482
727.000000,0.749972,0.929115,1.109074,1.509510,0.208485
728.000000,1.243865,0.891276,1.107723,1.445881,0.849221
729.000000,1.280273,1.053259,1.099518,1.374984,0.706619
730.000000,1.463718,1.078226,1.100877,1.315360,1.218766
731.000000,1.429549,1.179885,1.097347,1.301393,1.678775
732.000000,1.925326,1.461466,1.158505,1.290546,2.071729
733.000000,1.957218,1.820524,1.215894,1.276158,1.322166
734.000000,2.017940,1.875992,1.220268,1.249778,1.296246
735.000000,1.962034,1.929726,1.261633,1.231375,1.220692
736.000000,1.477342,1.601570,1.224632,1.214847,-0.251856
737.000000,1.403699,1.769472,1.255480,1.216161,1.766286
738.000000,1.269811,1.703051,1.236813,1.210619,0.778407
739.000000,0.974644,1.589710,1.322030,1.190123,0.055846
740.000000,0.299849,1.262076,1.204293,1.137351,-1.394934
741.000000,-0.046803,0.846042,1.057306,1.061741,-1.476592
742.000000,-1.525189,0.085068,0.820597,0.980476,-2.764302
743.000000,-2.273656,-0.442453,0.759609,0.943164,-1.656724
744.000000,-2.602334,-1.038339,0.531001,0.851719,-1.585503
745.000000,-2.383073,-1.565307,0.378334,0.805590,-1.054133
746.000000,-2.426723,-1.988625,-0.055744,0.679338,-2.019063
747.000000,-2.195660,-2.631630,-0.416774,0.479137,-2.145718
748.000000,-2.005539,-2.689059,-0.717000,0.277684,-1.207720
749.000000,-1.839657,-2.602366,-1.014657,0.177267,-1.143071
750.000000,-1.900607,-2.434983,-1.451054,-0.140011,-1.558440
751.000000,-1.742231,-2.279855,-1.870850,-0.524628,-1.449703
752.000000,-1.523067,-2.004552,-2.223551,-0.900567,-1.283687
753.000000,-1.519528,-1.896695,-2.403260,-1.204243,-1.307318
754.000000,-1.642332,-1.874356,-2.557227,-1.737404,-1.766525
755.000000,-1.824660,-1.994138,-2.698220,-2.223405,-2.339831
756.000000,-2.257831,-2.165067,-2.787307,-2.770684,-3.144313
757.000000,-2.602016,-2.288273,-2.909527,-2.955667,-2.910988
758.000000,-2.767894,-2.413435,-2.877788,-3.010474,-2.554904
759.000000,-2.798591,-2.501690,-2.804912,-2.986915,-2.439808
760.000000,-2.677299,-2.486943,-2.668579,-2.910659,-2.105709
761.000000,-2.569191,-2.547648,-2.618273,-2.902949,-2.538263
762.000000,-2.300245,-2.470286,-2.450560,-2.781010,-1.643820
763.000000,-2.098415,-2.400827,-2.349465,-2.655558,-1.570350
764.000000,-1.866658,-2.286720,-2.243656,-2.527605,-1.268309
765.000000,-1.701202,-2.162757,-2.171517,-2.423394,-1.249606
766.000000,-1.410728,-1.981741,-2.076949,-2.301779,-1.100240
767.000000,-1.323643,-1.833793,-2.002278,-2.248218,-1.217313
768.000000,-1.288878,-1.733870,-1.975046,-2.198363,-1.409340
769.000000,-1.246402,-1.604717,-1.932177,-2.124888,-1.057438
770.000000,-1.233722,-1.518310,-1.893451,-2.052765,-1.189278
771.000000,-1.185665,-1.343957,-1.841632,-1.973614,-0.849195
772.000000,-1.172867,-1.292366,-1.817778,-1.903740,-1.155855
773.000000,-1.074424,-1.225344,-1.786015,-1.851704,-0.937117
774.000000,-0.931255,-1.132315,-1.715926,-1.780638,-0.330806
775.000000,-0.729291,-1.028294,-1.631390,-1.722909,-0.170081
776.000000,-0.645765,-0.965507,-1.532737,-1.669248,-0.423893
777.000000,-0.504091,-0.896394,-1.439998,-1.621792,-0.511286
778.000000,-0.305883,-0.755268,-1.335313,-1.577364,0.001579
779.000000,-0.295619,-0.679210,-1.244702,-1.552344,-0.279688
780.000000,-0.402300,-0.618897,-1.184801,-1.537537,-0.702784
781.000000,-0.419835,-0.583021,-1.081156,-1.522307,-0.521374
782.000000,-0.386525,-0.486472,-1.024681,-1.510218,-0.355068
783.000000,-0.564379,-0.439062,-0.983228,-1.512071,-0.768574
784.000000,-0.554661,-0.423989,-0.938575,-1.492878,0.175325
785.000000,-0.209514,-0.370247,-0.869133,-1.448977,1.551223
786.000000,0.359475,-0.222304,-0.796388,-1.370932,1.958063
787.000000,1.383065,0.052024,-0.687437,-1.279466,2.352395
788.000000,2.669516,0.298327,-0.544457,-1.192009,2.052075
789.000000,2.961374,0.753379,-0.416741,-1.098174,1.823903
790.000000,2.749626,1.612875,-0.244510,-1.008024,1.750686
791.000000,2.737573,2.598202,-0.029234,-0.844418,2.669329
792.000000,2.718662,3.139560,0.314383,-0.705999,2.761741
793.000000,2.674238,3.232702,0.690897,-0.555741,2.356442
794.000000,2.616314,3.057490,1.031131,-0.408112,2.115787
795.000000,2.569077,2.846011,1.389151,-0.230014,2.056191
796.000000,2.375232,2.663076,1.791789,-0.031098,1.911840
797.000000,2.163133,2.491089,2.141766,0.221241,1.808734
798.000000,2.088465,2.413119,2.316293,0.570377,2.040321
799.000000,2.218544,2.460819,2.509467,1.005988,2.665127
800.000000,2.257838,2.454873,2.595343,1.465667,2.291291
801.000000,2.237743,2.350021,2.568037,1.828069,1.943850
802.000000,2.210599,2.234802,2.504153,2.140506,1.821354
803.000000,2.195077,2.186955,2.485312,2.340618,2.027139
804.000000,2.020969,2.132785,2.416836,2.374948,1.801213
805.000000,1.864866,2.058081,2.318409,2.335028,1.553341
806.000000,1.749474,1.986197,2.223016,2.288784,1.411293
807.000000,1.626814,1.909865,2.122812,2.228243,1.232116
808.000000,1.508681,1.844644,2.058996,2.157377,1.421605
809.000000,1.361692,1.691519,1.985032,2.086539,1.072123
810.000000,1.241949,1.561443,1.916670,2.036291,0.956947
811.000000,1.126635,1.452961,1.828350,1.979544,0.830398
812.000000,1.048143,1.359068,1.743466,1.928575,0.833260
813.000000,0.940461,1.251702,1.679877,1.901209,0.916299
814.000000,0.993186,1.204240,1.650669,1.882819,1.389539
815.000000,0.996650,1.143268,1.603927,1.837884,0.960582
816.000000,1.046677,1.103062,1.568555,1.799095,1.046484
817.000000,1.099110,1.082053,1.538349,1.759226,1.046606
818.000000,1.070300,1.008684,1.485967,1.717146,0.701018
819.000000,0.916051,0.971605,1.400446,1.681280,0.625378
820.000000,0.926455,0.979803,1.342149,1.661364,1.030839
821.000000,0.757334,0.938686,1.269383,1.605469,0.105883
822.000000,0.647077,0.928645,1.215327,1.557818,0.549378
823.000000,0.526358,0.869790,1.130574,1.508779,0.028855
824.000000,0.461712,0.757088,1.063306,1.472908,0.291482
825.000000,0.379956,0.740393,1.024612,1.449568,0.887487
826.000000,0.429182,0.660192,0.977245,1.420620,0.161683
827.000000,0.340811,0.565158,0.941352,1.395913,0.050551
828.000000,0.540775,0.558324,0.898174,1.370155,0.771088
829.000000,0.892791,0.617825,0.897150,1.321166,1.608120
830.000000,0.502066,0.440680,0.867203,1.258519,-0.797867
831.000000,-0.314298,0.296677,0.815530,1.190988,-2.350150
832.000000,-0.940101,0.076243,0.782468,1.136877,-1.166491
833.000000,-1.433347,0.031493,0.750394,1.071494,-0.388254
834.000000,-1.536320,0.157958,0.691957,1.029060,1.183451
835.000000,-1.247299,-0.310629,0.638947,0.981101,-0.162186
836.000000,-1.243017,-1.384154,0.476422,0.907940,-2.193748
837.000000,-1.836633,-2.518525,0.249045,0.834597,-2.330707
838.000000,-2.129784,-2.881020,0.078715,0.751946,-1.277870
839.000000,-3.203639,-3.515864,-0.264352,0.651263,-2.711320
840.000000,-3.314229,-3.319231,-0.776541,0.550663,-2.267108
841.000000,-2.966049,-2.952995,-1.204244,0.447289,-2.036695
842.000000,-2.299517,-2.532922,-1.583007,0.387363,-0.387350
843.000000,-2.045010,-2.362044,-1.874617,0.292870,-0.616666
844.000000,-1.412813,-2.307892,-2.021023,0.126317,-0.179440
845.000000,-1.254458,-2.350214,-2.353565,-0.107835,-1.628077
846.000000,-1.233042,-2.240486,-2.449118,-0.456752,-1.930612
847.000000,-1.752084,-2.201306,-2.519655,-0.950391,-2.321293
848.000000,-2.143673,-2.249521,-2.581166,-1.461931,-2.173358
849.000000,-2.696010,-2.270706,-2.733888,-2.057768,-2.809213
850.000000,-2.789802,-2.293191,-2.695539,-2.511589,-2.508575
851.000000,-2.666668,-2.249436,-2.545480,-2.591388,-1.954220
852.000000,-2.431408,-2.307597,-2.442712,-2.588384,-1.592592
853.000000,-2.247912,-2.319397,-2.378246,-2.495370,-1.534848
854.000000,-1.808305,-2.247273,-2.298265,-2.353144,-0.775698
855.000000,-1.393392,-2.062661,-2.174913,-2.247860,-0.527218
856.000000,-1.057359,-1.867171,-2.004411,-2.115283,-0.354782
857.000000,-0.752206,-1.641357,-1.843599,-1.997144,-0.154793
858.000000,-0.130539,-1.281493,-1.639191,-1.826624,1.306784
859.000000,0.399622,-0.821125,-1.390274,-1.693718,1.559551
860.000000,0.986097,-0.301046,-1.140126,-1.500315,1.891270
861.000000,1.433117,0.154654,-0.928835,-1.312332,1.497081
862.000000,1.765609,0.585065,-0.805322,-1.174407,1.387029
863.000000,1.837937,1.090484,-0.633129,-1.032051,1.724682
864.000000,1.873062,1.500425,-0.464001,-0.925864,1.802955
865.000000,1.800374,1.814446,-0.214658,-0.795928,1.630466
866.000000,1.707214,1.983349,0.035357,-0.638212,1.187142
867.000000,1.483320,1.980193,0.257405,-0.532610,0.467202
868.000000,1.213619,1.815851,0.510717,-0.454078,0.504316
869.000000,0.973787,1.664024,0.897175,-0.272543,0.684462
870.000000,0.775203,1.490012,1.283577,-0.078286,0.707769
871.000000,0.604202,1.331324,1.564429,0.096428,0.406110
872.000000,0.631068,1.220039,1.803648,0.214455,0.599541
873.000000,0.604521,1.048257,1.972101,0.339898,0.390966
874.000000,0.548292,0.877593,2.027475,0.462431,0.431210
875.000000,0.536943,0.756386,2.048690,0.783497,0.659452
876.000000,0.346658,0.547110,1.915140,0.967955,-0.473796
877.000000,0.026281,0.377128,1.736834,1.134302,-0.890667
878.000000,-0.180620,0.244598,1.500420,1.376035,-0.572443
879.000000,-0.278877,0.160776,1.329737,1.837868,0.003552
880.000000,-0.330738,0.134073,1.193293,2.239687,0.561506
881.000000,-0.122155,0.144338,1.095521,2.422684,0.583309
882.000000,0.104240,0.070121,0.971710,2.406190,0.020044
883.000000,0.380330,0.068116,0.858160,2.421708,0.539434
884.000000,0.481985,0.034994,0.724549,2.322489,0.294755
885.000000,0.088912,-0.195811,0.505681,2.118651,-1.298592
886.000000,-0.275704,-0.214016,0.352122,1.989059,-0.802546
887.000000,-0.521722,-0.151138,0.269002,1.879296,-0.807907
888.000000,-1.028502,-0.190105,0.147377,1.645101,-1.123178
889.000000,-1.260607,-0.301054,0.026460,1.460317,-0.524832
890.000000,-0.872000,-0.481121,-0.075435,1.282971,0.007685
891.000000,-0.774568,-0.747551,-0.189206,1.109785,-0.500789
892.000000,-0.846863,-0.952216,-0.412942,0.906894,-1.079536
893.000000,-0.712324,-1.145448,-0.586758,0.687098,-0.594242
894.000000,-0.933876,-1.368385,-0.870945,0.391944,-1.339940
895.000000,-1.168464,-1.212507,-1.158445,0.136534,-0.682156
896.000000,-1.378071,-1.233260,-1.218058,-0.103557,-1.036992
897.000000,-1.128678,-1.152353,-1.056161,-0.182439,0.005706
898.000000,-1.248079,-1.133682,-1.041801,-0.337505,-0.850245
899.000000,-1.067947,-1.235624,-1.133516,-0.531114,-0.775105
900.000000,-1.098758,-1.460102,-1.311006,-0.735985,-0.746323
901.000000,-1.070669,-1.625925,-1.474836,-0.904729,-0.943833
902.000000,-1.779204,-1.930072,-1.641889,-1.213806,-2.162416
903.000000,-2.344494,-2.445087,-1.932706,-1.530343,-2.596127
904.000000,-2.654217,-2.604272,-2.118474,-1.791437,-2.135098
905.000000,-2.719237,-2.697843,-2.078271,-1.981939,-1.617299
906.000000,-2.751777,-2.697805,-2.153579,-1.987453,-1.937006
907.000000,-2.702146,-2.889405,-2.303977,-1.999624,-2.607262
908.000000,-2.582627,-2.888825,-2.387837,-2.056938,-2.536561
909.000000,-2.525543,-2.846186,-2.476068,-2.145801,-2.320413
910.000000,-2.526142,-2.782536,-2.552270,-2.240903,-2.177523
911.000000,-2.410854,-2.671930,-2.532322,-2.274557,-1.875373
912.000000,-2.238411,-2.514717,-2.476875,-2.260802,-1.897326
913.000000,-2.165969,-2.399009,-2.481465,-2.306121,-2.180537
914.000000,-2.095864,-2.313130,-2.424757,-2.316340,-1.995280
915.000000,-1.898593,-2.191204,-2.333001,-2.207934,-1.287452
916.000000,-1.812132,-2.098257,-2.260715,-2.163665,-1.491990
917.000000,-1.691935,-1.960477,-2.219467,-2.122751,-1.327688
918.000000,-1.556564,-1.858281,-2.170522,-2.088051,-1.497957
919.000000,-1.396383,-1.744039,-2.108205,-2.057799,-1.204493
920.000000,-1.276538,-1.593818,-2.021644,-2.014871,-0.693945
921.000000,-1.153660,-1.495826,-1.956122,-1.972628,-0.872535
922.000000,-1.086937,-1.409593,-1.874830,-1.925548,-0.994627
923.000000,-1.009266,-1.308398,-1.796052,-1.903700,-1.139621
924.000000,-0.980186,-1.215488,-1.733288,-1.861144,-1.075558
925.000000,-1.002373,-1.166034,-1.676534,-1.823705,-0.776574
926.000000,-0.989659,-1.096097,-1.618175,-1.783969,-0.790904
927.000000,-0.957963,-1.046216,-1.544973,-1.771687,-0.828094
928.000000,-0.791296,-0.926579,-1.451152,-1.726182,-0.266700
929.000000,-0.840723,-0.935682,-1.413985,-1.727367,-1.431374
930.000000,-0.884822,-0.969201,-1.361523,-1.714427,-0.985763
931.000000,-1.022910,-1.020202,-1.339714,-1.713357,-1.509479
932.000000,-1.208372,-1.075607,-1.320708,-1.693591,-1.705967
933.000000,-1.633091,-1.146298,-1.293408,-1.671423,-2.026247
934.000000,-1.910197,-1.296605,-1.297340,-1.675288,-2.584481
935.000000,-2.221377,-1.479634,-1.334540,-1.680923,-2.232082
936.000000,-2.299985,-1.643900,-1.344049,-1.670007,-1.803759
937.000000,-2.195911,-1.748401,-1.343108,-1.628891,-1.164016
938.000000,-2.005567,-1.922105,-1.327899,-1.587296,-1.090870
939.000000,-1.727150,-1.946784,-1.348568,-1.557326,-1.389350
940.000000,-1.499748,-2.002521,-1.406402,-1.526644,-1.263466
941.000000,-1.431522,-2.005252,-1.463974,-1.512615,-1.502245
942.000000,-1.568034,-2.008647,-1.529669,-1.504031,-1.770837
943.000000,-1.756662,-1.987367,-1.595143,-1.485634,-1.964875
944.000000,-1.698020,-1.797200,-1.624863,-1.450058,-1.227987
945.000000,-1.650401,-1.652524,-1.675192,-1.447647,-1.140704
946.000000,-1.512564,-1.539005,-1.707336,-1.427614,-0.908899
947.000000,-1.324335,-1.496649,-1.727999,-1.415773,-0.886377
948.000000,-1.046824,-1.439494,-1.769026,-1.387220,-0.677696
949.000000,-1.448724,-1.630566,-1.861787,-1.456962,-2.814199
950.000000,-1.827314,-1.808242,-1.970510,-1.555194,-2.615289
951.000000,-2.152329,-1.917406,-2.020959,-1.635078,-2.330388
952.000000,-2.101979,-1.803306,-1.948719,-1.642184,-0.877197
953.000000,-2.171905,-1.728054,-1.891650,-1.657189,-1.251566
954.000000,-1.850039,-1.731211,-1.805866,-1.675530,-1.247308
955.000000,-1.576718,-1.751043,-1.750909,-1.712355,-1.318031
956.000000,-1.325444,-1.779873,-1.715058,-1.741575,-1.211793
957.000000,-1.432941,-1.825182,-1.720402,-1.771361,-1.353117
958.000000,-1.524430,-1.921977,-1.747512,-1.835787,-1.666484
959.000000,-1.584879,-1.787274,-1.749756,-1.835698,-1.498110
960.000000,-1.527487,-1.612583,-1.730026,-1.831906,-1.008186
961.000000,-1.530750,-1.478277,-1.711177,-1.815912,-1.179697
962.000000,-1.649376,-1.596063,-1.719771,-1.821823,-1.854758
963.000000,-1.739605,-1.692993,-1.731853,-1.824797,-2.035153
964.000000,-1.707241,-1.709305,-1.740595,-1.777124,-1.396939
965.000000,-1.621454,-1.632111,-1.710988,-1.713848,-0.715200
966.000000,-1.522599,-1.577040,-1.698469,-1.671150,-0.778745
967.000000,-1.308882,-1.518258,-1.693983,-1.654141,-0.860404
968.000000,-1.086841,-1.449049,-1.712144,-1.648475,-1.049801
969.000000,-1.000062,-1.397533,-1.618463,-1.634177,-1.023715
970.000000,-1.007482,-1.367952,-1.513054,-1.613357,-0.689499
971.000000,-0.959947,-1.300707,-1.410052,-1.580792,-0.480797
972.000000,-0.716385,-1.074621,-1.362223,-1.516536,0.324715
973.000000,-0.465143,-0.839729,-1.306466,-1.458594,0.043057
974.000000,0.186288,-0.501948,-1.173096,-1.378327,1.675359
975.000000,0.874514,-0.200361,-1.020161,-1.297424,1.931127
976.000000,1.534039,0.151172,-0.872058,-1.231156,1.912316
977.000000,2.020599,0.598596,-0.694606,-1.164529,2.051841
978.000000,2.560213,1.168698,-0.471972,-1.108416,2.115502
979.000000,2.519222,1.739456,-0.229863,-0.948127,1.939262
980.000000,2.341575,2.143977,-0.000474,-0.771451,1.798448
981.000000,2.218135,2.399652,0.297147,-0.567119,1.913460
982.000000,2.122477,2.478812,0.722366,-0.422429,1.960655
983.000000,2.070523,2.545673,1.233857,-0.213009,2.000815
984.000000,1.963917,2.373242,1.643170,0.008548,1.599249
985.000000,1.815404,2.167263,1.896541,0.247935,1.231255
986.000000,1.492495,1.907110,2.001380,0.433873,0.408574
987.000000,1.127918,1.653694,2.033150,0.637220,0.153645
988.000000,0.695981,1.403720,2.012133,0.854977,-0.121312
989.000000,0.382228,1.209987,1.990706,1.105444,0.097040
990.000000,0.053557,0.990548,1.895065,1.242672,-0.301241
991.000000,-0.257241,0.676884,1.728217,1.276203,-1.032290
992.000000,-0.446689,0.391107,1.564414,1.415035,-0.718500
993.000000,-0.451595,0.154044,1.492232,1.634087,-0.112209
994.000000,-0.492133,-0.042993,1.344422,1.745147,-0.034240
995.000000,-0.454665,-0.211682,1.195683,1.741997,-0.083324
996.000000,-0.291529,-0.308842,1.045773,1.707140,-0.340992
997.000000,-0.268107,-0.413994,0.875379,1.645415,-0.677564
998.000000,-0.450125,-0.516328,0.691127,1.586015,-0.948520
999.000000,-0.611980,-0.631967,0.524545,1.557307,-0.741350
1000.000000,-0.743014,-0.685183,0.365436,1.524380,-0.605704
1001.000000,-0.805461,-0.623727,0.183534,1.495801,-0.539304
1002.000000,-0.769104,-0.599719,-0.026960,1.425151,-0.472917
1003.000000,-0.603586,-0.642012,-0.265455,1.411354,-0.215918
1004.000000,-0.393639,-0.644160,-0.471641,1.315253,0.159897
1005.000000,-0.260891,-0.658614,-0.685080,1.191899,-0.054672
1006.000000,-0.098895,-0.594889,-0.789688,1.095624,0.160809
1007.000000,-0.033561,-0.516342,-0.903209,0.960094,-0.201473
1008.000000,0.104431,-0.312778,-0.908731,0.870537,0.405187
1009.000000,0.348923,-0.033893,-0.840891,0.853602,1.250509
1010.000000,0.803437,0.311909,-0.590418,0.909305,1.861983
1011.000000,1.814630,1.025637,0.264528,1.271828,3.612778
1012.000000,2.352441,1.460867,0.851016,1.410093,2.123614
1013.000000,2.699719,1.889689,1.349310,1.569386,2.322304
1014.000000,2.694304,2.131962,1.672354,1.681646,1.804743
1015.000000,2.586348,2.336563,1.940763,1.841580,1.769994
1016.000000,2.119253,2.418423,2.145597,2.105720,1.582119
1017.000000,1.968993,2.478533,2.325684,2.368328,1.603895
1018.000000,1.767508,2.432008,2.438758,2.565881,1.480702
1019.000000,1.560246,2.255413,2.402576,2.546118,0.915172
1020.000000,1.376309,2.070685,2.346696,2.564649,0.910866
1021.000000,1.225629,1.742371,2.276065,2.640197,0.865236
1022.000000,1.108297,1.597530,2.222312,2.648946,1.048252
1023.000000,1.044204,1.464032,2.170703,2.578136,1.193131
1024.000000,1.086148,1.381814,2.098433,2.488118,1.114675
1025.000000,1.114031,1.300870,2.039268,2.403333,1.042437
1026.000000,1.108713,1.218991,1.963806,2.324660,0.840823
1027.000000,1.099380,1.152589,1.924624,2.286053,1.005445
1028.000000,1.028834,1.082800,1.859525,2.244494,0.854279
1029.000000,0.969582,1.075760,1.775896,2.186982,0.826863
1030.000000,0.918459,1.066940,1.682783,2.123627,0.788244
1031.000000,0.930878,1.072100,1.516102,2.067397,0.876365
1032.000000,0.898851,1.053333,1.429287,2.013005,0.843480
1033.000000,0.935226,1.032775,1.346600,1.962229,1.010853
1034.000000,1.034410,1.046799,1.308674,1.918224,1.274173
1035.000000,1.169893,1.081604,1.279391,1.890803,1.368974
1036.000000,1.246414,1.127810,1.251196,1.852587,1.126519
1037.000000,1.443046,1.201577,1.240095,1.845402,1.676062
1038.000000,1.779120,1.378044,1.264683,1.844140,2.481293
1039.000000,2.040691,1.558385,1.322794,1.814551,2.129941
1040.000000,2.328990,1.785087,1.391190,1.776583,2.168807
1041.000000,2.575309,2.008179,1.472412,1.679148,2.428874
1042.000000,2.499994,2.171289,1.524530,1.634101,1.973170
1043.000000,2.230577,2.241177,1.557027,1.581291,1.757539
1044.000000,2.102532,2.252050,1.602175,1.558512,1.802809
1045.000000,1.971035,2.212066,1.648900,1.537869,1.667930
1046.000000,1.699134,2.124718,1.680951,1.509297,1.101260
1047.000000,1.559506,2.010857,1.704936,1.486111,1.285294
1048.000000,1.384104,1.803806,1.712433,1.456135,0.894487
1049.000000,1.106197,1.607864,1.692565,1.443165,0.404452
1050.000000,0.762254,1.383415,1.650708,1.418619,-0.075068
1051.000000,0.440440,1.105290,1.579849,1.384326,-0.570841
1052.000000,0.095229,0.888301,1.525437,1.348531,-0.369685
1053.000000,-0.164685,0.696744,1.465257,1.309973,-0.253629
1054.000000,-0.225440,0.531919,1.411707,1.292022,0.221074
1055.000000,-0.246448,0.331585,1.333391,1.269368,-0.149131
1056.000000,-0.197834,0.167524,1.264665,1.255656,-0.381558
1057.000000,-0.099250,0.008725,1.191549,1.247476,0.099665
1058.000000,-0.138789,-0.168244,1.047959,1.233652,-0.483862
1059.000000,-0.155937,-0.215804,0.962338,1.245804,0.223266
1060.000000,-0.292901,-0.299957,0.821402,1.232681,-0.834146
1061.000000,-0.565418,-0.408718,0.610900,1.189217,-1.686334
1062.000000,-1.084650,-0.612638,0.383597,1.133774,-2.067416
1063.000000,-1.377740,-0.808490,0.164593,1.081017,-1.606139
1064.000000,-1.739497,-1.061888,-0.083410,1.016153,-1.316031
1065.000000,-1.832771,-1.273688,-0.375152,0.933057,-1.374956
1066.000000,-1.688572,-1.411006,-0.638842,0.872566,-1.145343
1067.000000,-1.495330,-1.613688,-0.992058,0.757004,-1.250938
1068.000000,-1.328010,-1.641562,-1.303814,0.581941,-0.925705
1069.000000,-1.215679,-1.722322,-1.537979,0.407314,-0.866204
1070.000000,-1.162968,-1.699041,-1.703702,0.163127,-1.177543
1071.000000,-1.306595,-1.665525,-1.815740,-0.240192,-1.826985
1072.000000,-1.536204,-1.658732,-1.950962,-0.751468,-2.249054
1073.000000,-1.799549,-1.695020,-2.036162,-1.329149,-2.110405
1074.000000,-2.089373,-1.781872,-2.134360,-1.948928,-2.235491
1075.000000,-2.107727,-1.753015,-2.077802,-2.326460,-1.324470
1076.000000,-2.023269,-1.775611,-2.017351,-2.493510,-1.427771
1077.000000,-1.879999,-1.808696,-2.003556,-2.573519,-1.534478
1078.000000,-1.779928,-1.885508,-1.963160,-2.542701,-1.617526
1079.000000,-1.561803,-1.929428,-1.950085,-2.416870,-1.251190
1080.000000,-1.518233,-1.923600,-1.884752,-2.265100,-1.120441
1081.000000,-1.239260,-1.742920,-1.741233,-2.058260,-0.150309
1082.000000,-0.811422,-1.452432,-1.570677,-1.877369,0.455479
1083.000000,-0.306796,-1.145622,-1.431277,-1.725842,0.702494
1084.000000,0.259533,-0.739856,-1.289777,-1.599060,1.304528
1085.000000,0.922297,-0.375432,-1.125506,-1.448086,1.760321
1086.000000,1.369118,0.042032,-0.975278,-1.302736,1.762938
1087.000000,1.611903,0.467813,-0.832608,-1.209864,1.529834
1088.000000,1.521671,0.749748,-0.788232,-1.162768,0.326445
1089.000000,1.372486,1.024333,-0.733136,-1.145893,0.589769
1090.000000,1.046599,1.236483,-0.677079,-1.107980,0.250825
1091.000000,0.519558,1.202315,-0.621623,-1.078663,-0.539769
1092.000000,0.238377,1.204576,-0.426852,-0.987008,0.386500
1093.000000,0.342039,1.222188,-0.165364,-0.897337,0.777434
1094.000000,0.359591,1.133070,0.154307,-0.827682,0.659653
1095.000000,0.492925,0.993693,0.423157,-0.741719,0.811156
1096.000000,0.831764,0.864113,0.759976,-0.657387,0.932925
1097.000000,0.800707,0.668516,1.045725,-0.604167,0.273194
1098.000000,0.464321,0.517542,1.221419,-0.646274,-0.669345
1099.000000,0.574455,0.599846,1.585710,-0.548222,1.095963
1100.000000,0.581909,0.687088,1.863556,-0.425251,0.813604
1101.000000,0.235671,0.677078,1.793906,-0.351031,-0.535068
1102.000000,-0.173306,0.398096,1.509699,-0.302843,-1.430708
1103.000000,-0.386819,0.049205,1.183683,-0.254302,-1.515099
1104.000000,-0.986228,-0.256378,0.808699,-0.069322,-1.364120
1105.000000,-1.572654,-0.628388,0.334041,-0.186138,-1.583162
1106.000000,-1.876818,-1.066662,-0.198364,-0.522723,-1.830047
1107.000000,-1.877138,-1.348189,-0.650625,-0.895299,-1.509324
1108.000000,-1.841028,-1.483263,-0.917724,-1.257678,-1.440299
1109.000000,-1.775555,-1.821957,-1.177785,-1.539193,-1.177171
1110.000000,-1.623350,-2.058099,-1.362494,-1.522665,-0.973040
1111.000000,-1.177309,-1.925359,-1.284627,-1.247953,0.077725
1112.000000,-0.654911,-1.580388,-1.224399,-0.840815,0.723103
1113.000000,-0.216833,-1.281776,-1.258919,-1.013581,0.424959
1114.000000,0.091951,-1.057947,-1.314289,-1.953085,0.132238
1115.000000,0.409367,-0.773919,-1.343064,-2.742528,0.371037
1116.000000,0.673121,-0.337106,-1.268574,-2.770123,1.230918
1117.000000,0.836573,0.081616,-1.091890,-2.564404,1.432049
1118.000000,1.074421,0.494185,-0.812896,-1.782983,1.361173
1119.000000,1.382662,0.877169,-0.763626,-1.217340,1.349051
1120.000000,1.548993,1.200925,-0.707066,-0.621840,1.131151
1121.000000,1.305557,1.233716,-0.592476,-0.124602,0.305905
1122.000000,0.963077,1.120570,-0.409153,-0.358252,-0.025221
1123.000000,0.534913,0.989760,-0.278896,-1.091571,-0.490603
1124.000000,0.055786,0.873221,-0.201355,-1.792528,-0.696544
1125.000000,-0.414847,0.696880,-0.109525,-2.447596,-0.845192
1126.000000,-0.492667,0.522719,0.147587,-2.588229,-0.002349
1127.000000,-0.381215,0.389359,0.442176,-2.294469,0.469477
1128.000000,-0.186308,0.236039,0.724846,-1.790220,0.327134
1129.000000,0.031400,0.057703,0.978982,-2.010110,0.204882
1130.000000,0.342244,-0.060597,1.278049,-2.048705,0.429581
1131.000000,0.333591,-0.118663,1.350256,-1.825751,-0.044387
1132.000000,0.360565,-0.021418,1.396796,-1.143549,0.620465
1133.000000,0.368518,0.118575,1.434481,-0.502005,0.397502
1134.000000,0.170492,0.133826,1.314008,-0.263604,-0.688264
1135.000000,-0.050134,0.195270,1.143381,0.163435,-0.560667
1136.000000,0.083578,0.274290,0.987675,1.141246,0.588428
1137.000000,0.083806,0.294850,0.823605,1.943290,0.745942
1138.000000,-0.610712,-0.084610,0.199172,1.715219,-2.479941
1139.000000,-0.838704,-0.328236,-0.282795,1.696903,-1.458040
1140.000000,-1.004261,-0.576416,-0.660689,1.744110,-0.919346
1141.000000,-1.280705,-0.652800,-0.757112,1.617114,-0.135156
1142.000000,-1.324708,-0.746267,-0.672456,1.464646,0.598870
1143.000000,-0.214190,-0.660678,-0.388099,1.562219,1.208288
1144.000000,0.929968,-0.025525,0.162112,1.964550,2.206321
1145.000000,1.892495,0.734520,0.856485,2.259377,2.302005
1146.000000,2.524432,1.308787,1.462487,2.356148,2.441738
1147.000000,2.664528,1.651816,1.821240,2.292147,1.894121
1148.000000,2.733546,2.555798,2.220515,2.324917,2.223402
1149.000000,2.578425,2.923613,2.502950,2.309047,2.004801
1150.000000,2.458802,3.063412,2.676709,2.343292,2.071181
1151.000000,2.256669,2.979344,2.771521,2.419052,1.788499
1152.000000,2.193962,2.843491,2.742982,2.510719,1.869376
1153.000000,2.037789,2.662759,2.690528,2.573099,1.682082
1154.000000,1.883769,2.419865,2.677575,2.579264,1.422185
1155.000000,1.720054,2.208896,2.619575,2.571061,1.341966
1156.000000,1.634130,2.032893,2.496828,2.506292,1.407086
1157.000000,1.515603,1.919980,2.379780,2.414118,1.320912
1158.000000,1.394828,1.774431,2.405553,2.326120,1.129075
1159.000000,1.303215,1.650469,2.349717,2.255927,1.004389
1160.000000,1.204053,1.516735,2.263373,2.180761,0.875429
1161.000000,1.089631,1.414107,2.162811,2.139466,0.856793
1162.000000,1.000170,1.308921,2.061000,2.073180,0.892994
1163.000000,0.916451,1.205520,1.948141,2.011187,0.728725
1164.000000,0.906312,1.155756,1.835526,2.014804,0.963958
1165.000000,0.839033,1.071404,1.706383,1.979628,0.537409
1166.000000,0.762529,0.973847,1.581596,1.903852,0.475672
1167.000000,0.646162,0.869709,1.483713,1.824624,0.324731
1168.000000,0.620402,0.814636,1.396488,1.861964,0.631030
1169.000000,0.370725,0.695791,1.285444,1.824668,-0.362644
1170.000000,0.142738,0.563994,1.164382,1.768067,-0.851383
1171.000000,-0.170170,0.403246,1.050255,1.695342,-1.381971
1172.000000,-0.600295,0.199232,0.920684,1.613655,-1.872472
1173.000000,-2.214345,-0.393532,0.631701,1.403080,-4.640913
1174.000000,-3.207664,-1.117695,0.346028,1.184598,-3.390038
1175.000000,-3.383679,-1.756689,0.064326,0.985111,-2.534620
1176.000000,-3.216069,-2.299852,-0.246020,0.782634,-2.114816
1177.000000,-3.017568,-2.674858,-0.595570,0.589635,-1.967006
1178.000000,-2.472062,-2.822371,-0.957083,0.364815,-1.765201
1179.000000,-2.059648,-2.701202,-1.290451,0.146859,-1.397892
1180.000000,-1.774934,-2.526705,-1.581242,-0.098600,-1.193240
1181.000000,-1.498051,-2.322485,-1.785877,-0.329105,-0.801746
1182.000000,-1.133804,-2.087581,-1.877035,-0.541225,-0.198134
1183.000000,-0.830266,-1.705765,-1.923845,-0.780173,-0.291018
1184.000000,-0.627656,-1.419982,-1.968036,-1.031832,-0.430665
1185.000000,-0.440517,-1.194803,-1.934874,-1.262835,-0.321413
1186.000000,-0.304533,-0.991655,-1.875919,-1.469027,-0.172927
1187.000000,-0.371418,-0.835954,-1.836129,-1.678722,-0.509503
1188.000000,-0.434891,-0.703125,-1.816233,-1.830906,-0.586515
1189.000000,-0.455663,-0.601210,-1.746398,-1.915476,-0.525985
1190.000000,-0.471016,-0.503449,-1.666222,-1.936918,-0.376835
1191.000000,-0.495091,-0.438830,-1.584252,-1.923020,-0.251303
1192.000000,-0.378527,-0.418253,-1.493504,-1.878986,0.059815
1193.000000,-0.164786,-0.346674,-1.259151,-1.798616,0.423708
1194.000000,0.120207,-0.215649,-1.036388,-1.723699,0.796874
1195.000000,0.373352,-0.100703,-0.854210,-1.639079,0.729148
1196.000000,0.730366,0.062144,-0.655961,-1.535969,1.270031
1197.000000,1.043847,0.302320,-0.447487,-1.438719,1.332115
1198.000000,1.306628,0.597800,-0.226398,-1.372667,1.452393
1199.000000,1.358737,0.854138,-0.044754,-1.305514,0.924503
1200.000000,0.705042,0.688003,-0.079397,-1.409950,-2.093108
1201.000000,-0.073102,0.521414,-0.138452,-1.494182,-1.691278
1202.000000,-0.748805,0.373858,-0.229261,-1.546099,-1.029843
1203.000000,-1.343401,0.141831,-0.302667,-1.424764,-0.830905
1204.000000,-1.648286,-0.147096,-0.334180,-1.298050,-0.556528
1205.000000,-1.060287,-0.292029,-0.306327,-1.157603,0.101680
1206.000000,-0.489629,-0.463625,-0.237414,-0.996862,0.527711
1207.000000,-0.165222,-0.702673,-0.120287,-0.843832,0.215112
1208.000000,0.067121,-0.997909,0.006278,-0.698275,-0.013871
1209.000000,0.178849,-1.223930,0.104156,-0.586702,-0.215548
1210.000000,0.141814,-0.811646,0.201247,-0.467300,-0.052002
1211.000000,-0.054330,-0.478792,0.251096,-0.394625,-0.137391
1212.000000,-0.017978,-0.167543,0.312055,-0.361396,0.360906
1213.000000,0.169707,0.202066,0.333455,-0.275118,0.643767
1214.000000,0.307723,0.429582,0.189251,-0.188518,0.266596
1215.000000,0.317224,0.407024,0.010213,-0.144022,-0.018220
1216.000000,0.108258,0.046714,-0.460843,-0.254322,-0.863605
1217.000000,-0.161765,-0.159079,-0.877228,-0.253864,-0.575917
1218.000000,-0.417964,-0.220448,-1.238969,-0.163289,-0.252646
1219.000000,-0.925417,-0.557426,-1.709628,-0.355491,-1.481720
1220.000000,-1.543889,-1.137139,-1.696866,-0.857943,-2.140649
1221.000000,-1.799668,-1.578948,-1.734897,-1.392046,-1.821919
1222.000000,-2.128685,-2.101233,-1.987780,-2.070445,-2.001564
1223.000000,-2.291442,-2.393819,-2.075344,-2.526993,-1.464336
1224.000000,-2.166283,-2.496179,-2.124694,-2.817875,-1.350671
1225.000000,-1.978653,-2.541025,-2.266219,-2.943054,-1.516339
1226.000000,-1.805882,-2.407649,-2.345067,-2.967379,-1.179363
1227.000000,-1.620309,-2.353169,-2.366049,-2.933124,-1.229452
1228.000000,-1.524570,-2.328504,-2.341118,-2.841501,-1.018412
1229.000000,-1.330488,-2.124806,-2.251645,-2.646265,-0.401507
1230.000000,-1.044437,-1.847797,-2.179483,-2.235789,-0.405794
1231.000000,-1.050389,-1.739454,-2.197702,-2.037051,-1.411538
1232.000000,-0.923892,-1.532255,-2.178958,-1.888722,-0.855290
1233.000000,-0.887841,-1.415775,-2.178413,-1.792934,-0.941773
1234.000000,-0.999956,-1.318064,-2.141396,-1.735335,-0.934997
1235.000000,-1.106887,-1.204038,-2.090769,-1.734151,-0.964029
1236.000000,-0.836198,-1.048370,-1.936347,-1.705290,-0.166342
1237.000000,-0.551544,-0.816961,-1.782688,-1.621992,0.519700
1238.000000,-0.439447,-0.731895,-1.739766,-1.599645,-0.417843
1239.000000,-0.349206,-0.740105,-1.638421,-1.580810,-0.543283
1240.000000,-0.163963,-0.710340,-1.476651,-1.556389,-0.159209
1241.000000,-0.279189,-0.623309,-1.380839,-1.563658,-0.709470
1242.000000,-0.401986,-0.523779,-1.223587,-1.558156,0.078485
1243.000000,-0.245194,-0.383815,-1.099754,-1.560497,0.404670
1244.000000,0.068250,-0.184916,-0.959742,-1.530908,1.001250
1245.000000,-1234.000000,-1234.000000,-1234.000000,-1234.000000,-1234.000000
