0.000000,5.385165,5.385165,5.385165,5.385165,1.483268
1.000000,3.738732,3.741706,3.754022,3.750428,0.919428
2.000000,2.991878,2.994749,3.020432,3.014015,0.650631
3.000000,2.548109,2.540194,2.567671,2.568105,0.740672
4.000000,2.226984,2.220804,2.252800,2.257260,0.418168
5.000000,1.967842,1.979549,2.014258,2.023474,0.168881
6.000000,1.772053,1.787382,1.823947,1.840147,-0.001713
7.000000,1.616021,1.630145,1.666826,1.687506,-0.020269
8.000000,1.483699,1.501388,1.536991,1.558688,0.141651
9.000000,1.371213,1.385448,1.424139,1.446332,-0.119961
10.000000,1.272821,1.275683,1.322869,1.347975,-0.406150
11.000000,1.189615,1.184348,1.229759,1.261006,-0.267600
12.000000,1.114849,1.104434,1.144785,1.183565,-0.296493
13.000000,1.041937,1.029034,1.065755,1.107241,-0.369284
14.000000,0.978438,0.962297,0.993016,1.037446,-0.283908
15.000000,0.926169,0.903882,0.926899,0.972665,0.235084
16.000000,0.878929,0.852316,0.866168,0.912180,0.884624
17.000000,0.827740,0.800560,0.807748,0.853623,0.312223
18.000000,0.774148,0.746429,0.751923,0.798383,-0.351702
19.000000,0.723379,0.696753,0.697128,0.745897,-0.147395
20.000000,0.672235,0.651402,0.641145,0.694775,0.214425
21.000000,0.627463,0.610809,0.591953,0.644225,1.609738
22.000000,0.583602,0.567291,0.543206,0.592737,1.024316
23.000000,0.542629,0.522445,0.492244,0.539940,0.681249
24.000000,0.506100,0.479994,0.443812,0.487936,1.434958
25.000000,0.378052,0.389812,0.373098,0.420677,-4.320451
26.000000,0.216208,0.285216,0.296222,0.348763,-3.242443
27.000000,0.015147,0.159947,0.203686,0.266732,-2.755648
28.000000,-0.266685,-0.004053,0.078644,0.168615,-1.739241
29.000000,-3.305186,-2.542419,-2.741567,-0.396482,-1.318783
30.000000,-2.476890,-2.599710,-2.609917,-0.770415,-0.948694
31.000000,-1.832916,-2.660940,-2.418686,-1.059313,-0.560352
32.000000,-1.272404,-2.614385,-2.268835,-1.308100,-0.475875
33.000000,-1.102787,-2.619997,-2.248853,-1.630200,-1.063211
34.000000,-1.062589,-2.644678,-2.257390,-1.866736,-1.165470
35.000000,-1.199208,-2.248169,-2.340343,-2.042559,-1.480555
36.000000,-1.388849,-1.953699,-2.411041,-2.109986,-1.359555
37.000000,-1.550296,-1.704815,-2.403845,-2.121378,-1.246880
38.000000,-1.525654,-1.580126,-2.341953,-2.104604,-1.066220
39.000000,-1.425570,-1.484584,-2.277159,-2.034152,-0.830327
40.000000,-1.285741,-1.457458,-2.247352,-1.963765,-0.923917
41.000000,-1.085632,-1.423084,-2.225636,-1.881310,-0.530041
42.000000,-0.897459,-1.390926,-2.171419,-1.813547,-0.450145
43.000000,-0.740185,-1.285632,-2.103012,-1.751130,-0.395218
44.000000,-0.657247,-1.186192,-2.069272,-1.710284,-0.474657
45.000000,-0.545270,-1.048775,-1.803317,-1.692515,-0.448671
46.000000,-0.698299,-1.024912,-1.651183,-1.751990,-1.184557
47.000000,-0.950480,-1.057319,-1.548282,-1.809313,-1.491738
48.000000,-1.210796,-1.108790,-1.515816,-1.841190,-1.438323
49.000000,-1.431189,-1.182538,-1.508213,-1.873448,-1.346871
50.000000,-1.630960,-1.235735,-1.519667,-1.908737,-1.258524
51.000000,-1.664346,-1.353373,-1.559029,-1.973616,-1.298918
52.000000,-1.613105,-1.480482,-1.596738,-2.010787,-1.210360
53.000000,-1.494328,-1.580239,-1.567119,-2.012012,-0.721006
54.000000,-1.502821,-1.742398,-1.555012,-2.041026,-1.083202
55.000000,-1.509749,-1.911641,-1.522259,-1.900016,-1.242791
56.000000,-1.481131,-1.950120,-1.506916,-1.789221,-1.479679
57.000000,-1.310774,-1.836787,-1.468169,-1.669247,-0.930581
58.000000,-1.271831,-1.707152,-1.438399,-1.598604,-0.818510
59.000000,-1.156149,-1.565516,-1.421860,-1.546309,-0.645546
60.000000,-1.067722,-1.467597,-1.415765,-1.523868,-0.913839
61.000000,-0.926728,-1.359337,-1.449246,-1.522309,-0.914375
62.000000,-0.919588,-1.269447,-1.495494,-1.526745,-0.929904
63.000000,-1.058189,-1.322821,-1.577662,-1.519190,-1.486017
64.000000,-1.208978,-1.311081,-1.644500,-1.501739,-1.286940
65.000000,-1.219534,-1.250865,-1.691427,-1.457843,-0.941012
66.000000,-1.177190,-1.145426,-1.650249,-1.415653,-0.727981
67.000000,-0.864907,-0.983153,-1.509023,-1.343025,0.526040
68.000000,-0.472919,-0.860096,-1.382589,-1.290035,0.327439
69.000000,-0.184003,-0.796138,-1.280750,-1.264745,0.024007
70.000000,-0.152854,-0.793127,-1.233295,-1.263806,-0.848149
71.000000,-0.077302,-0.745790,-1.157945,-1.280318,-0.454932
72.000000,-0.435039,-0.764275,-1.124562,-1.324488,-1.068169
73.000000,-0.877492,-0.753280,-1.162701,-1.391089,-1.588431
74.000000,-1.347873,-0.789188,-1.181689,-1.463542,-1.866234
75.000000,-1.484177,-0.784127,-1.151696,-1.518098,-0.872509
76.000000,-1.377421,-0.627643,-1.030363,-1.473580,1.291649
77.000000,-0.560477,-0.587744,-0.917477,-1.375968,2.147522
78.000000,3.585511,0.994556,-0.313451,-1.002768,4.938959
79.000000,4.440463,2.843457,0.379787,-0.587273,3.605429
80.000000,4.174389,3.921827,1.230354,-0.091021,3.039541
81.000000,3.830166,3.964316,2.102211,0.532618,2.803038
82.000000,3.494574,3.732081,2.670979,1.165798,2.350211
83.000000,2.957948,3.523625,3.005684,1.738910,2.248456
84.000000,2.657271,3.350256,3.110271,2.223694,2.216071
85.000000,2.411252,3.141725,3.046095,2.529061,1.941321
86.000000,2.190528,2.933686,2.928881,2.687184,1.783942
87.000000,2.036580,2.753703,2.768934,2.710376,1.661839
88.000000,1.896542,2.461172,2.642299,2.675340,1.591918
89.000000,1.786113,2.268755,2.558321,2.626932,1.670969
90.000000,1.700940,2.109056,2.490797,2.561675,1.540900
91.000000,1.630729,1.965622,2.414819,2.487372,1.460058
92.000000,1.605329,1.876613,2.368191,2.428574,1.549136
93.000000,1.530910,1.765529,2.305039,2.356577,1.251073
94.000000,1.447777,1.664281,2.253903,2.291908,1.266606
95.000000,1.388726,1.589284,2.198197,2.229114,1.253318
96.000000,1.308807,1.510924,2.122770,2.158333,1.067360
97.000000,1.155623,1.418088,2.035065,2.063199,0.792631
98.000000,1.061218,1.334416,1.890886,1.987479,0.779879
99.000000,0.940956,1.233898,1.767188,1.922345,0.667641
100.000000,0.830723,1.152575,1.664652,1.880939,0.717259
101.000000,0.739479,1.070881,1.565746,1.837845,0.625044
102.000000,0.726138,0.987665,1.491488,1.813149,0.733919
103.000000,0.666094,0.912224,1.410357,1.786544,0.462151
104.000000,0.612834,0.824691,1.327739,1.764575,0.352651
105.000000,0.470692,0.702183,1.243762,1.729921,-0.134262
106.000000,0.298719,0.582532,1.163650,1.688893,-0.454976
107.000000,0.044413,0.493083,1.092801,1.653266,-0.706479
108.000000,-0.157257,0.409071,1.031017,1.571999,-0.323738
109.000000,-0.461049,0.308124,0.952555,1.495244,-0.812990
110.000000,-0.801114,0.133942,0.863712,1.415251,-1.621527
111.000000,-1.295700,-0.135614,0.752783,1.322452,-2.480080
112.000000,-1.698094,-0.522236,0.622141,1.241316,-2.250831
113.000000,-2.130839,-0.967300,0.499612,1.158767,-2.121812
114.000000,-2.270513,-1.434171,0.362644,1.074810,-1.716793
115.000000,-2.214773,-1.769610,0.199449,0.995494,-1.653268
116.000000,-2.019791,-1.964486,0.019959,0.913944,-1.685440
117.000000,-2.005042,-2.123184,-0.195507,0.815185,-2.174379
118.000000,-2.014800,-2.270482,-0.476859,0.703463,-2.159540
119.000000,-1.975845,-2.254853,-0.784908,0.579846,-1.677663
120.000000,-1.878152,-2.132818,-1.142922,0.454280,-1.338416
121.000000,-1.695333,-1.911636,-1.483592,0.327421,-0.882617
122.000000,-1.435305,-1.738452,-1.806536,0.161990,-0.859045
123.000000,-1.175030,-1.596338,-1.984468,-0.007316,-0.866008
124.000000,-0.956485,-1.473137,-2.015598,-0.206228,-0.610154
125.000000,-0.835705,-1.382516,-1.942122,-0.457441,-0.772517
126.000000,-0.789451,-1.283848,-1.832055,-0.721289,-0.647071
127.000000,-0.700518,-1.114771,-1.725967,-0.969196,-0.410298
128.000000,-0.595953,-0.931268,-1.655963,-1.237353,-0.360248
129.000000,-0.476168,-0.759188,-1.562402,-1.461187,0.003903
130.000000,-0.306040,-0.616903,-1.455673,-1.649998,0.044405
131.000000,-0.018667,-0.463230,-1.293396,-1.720091,0.770709
132.000000,0.312061,-0.270248,-1.139411,-1.731020,1.232477
133.000000,0.650379,-0.065890,-1.001988,-1.671239,1.163699
134.000000,0.912514,0.111051,-0.892673,-1.596875,1.052844
135.000000,1.300766,0.389435,-0.760391,-1.461898,1.598733
136.000000,1.535732,0.698525,-0.608686,-1.324018,1.716400
137.000000,1.541387,0.954679,-0.421548,-1.228339,1.259882
138.000000,1.447557,1.163339,-0.228053,-1.188255,0.735545
139.000000,1.413472,1.343722,-0.034876,-1.133732,0.891931
140.000000,1.183970,1.468078,0.142828,-1.068673,0.560772
141.000000,1.137079,1.575317,0.372574,-0.916668,1.568825
142.000000,1.508745,1.771430,0.757631,-0.694753,2.727548
143.000000,1.817120,1.864441,1.160735,-0.478426,2.111764
144.000000,2.054796,1.952152,1.561229,-0.246651,2.069755
145.000000,2.268103,1.953217,1.938855,0.023928,1.933414
146.000000,2.295708,1.948585,2.218860,0.373579,1.967401
147.000000,2.012729,1.910204,2.302417,0.805233,1.439206
148.000000,1.851341,1.920373,2.301061,1.308483,1.400089
149.000000,1.627122,1.878439,2.202143,1.716733,0.978637
150.000000,1.406392,1.858359,2.095422,2.011713,0.823011
151.000000,1.216222,1.794683,1.980007,2.191123,1.081919
152.000000,1.111797,1.619061,1.859100,2.262395,0.950844
153.000000,1.025504,1.507808,1.772899,2.277470,1.008092
154.000000,1.049676,1.406765,1.717501,2.235806,1.086516
155.000000,1.080527,1.304098,1.641692,2.181560,0.948003
156.000000,0.963364,1.145769,1.547509,2.090182,0.472931
157.000000,0.825435,1.025672,1.476206,1.985818,0.212926
158.000000,0.670587,0.908897,1.444622,1.898625,0.221705
159.000000,0.504253,0.854431,1.422967,1.813163,0.341263
160.000000,0.360154,0.821288,1.424484,1.743926,0.355559
161.000000,0.512722,0.829697,1.417650,1.685279,1.225367
162.000000,0.697685,0.833971,1.333698,1.617704,0.969207
163.000000,0.770984,0.776951,1.257017,1.552916,0.446385
164.000000,0.738954,0.666600,1.164328,1.497728,0.097509
165.000000,0.713054,0.574731,1.076419,1.434608,0.169031
166.000000,0.474520,0.560484,0.976647,1.374964,0.226311
167.000000,0.147893,0.518247,0.889044,1.323896,-0.385389
168.000000,0.150927,0.582070,0.840891,1.327946,0.537654
169.000000,0.404780,0.714894,0.858942,1.351732,1.267246
170.000000,0.845323,0.947493,0.924866,1.409811,2.219522
171.000000,1.333433,0.999717,0.954697,1.420937,1.610899
172.000000,2.696719,1.391322,1.090677,1.412057,3.250426
173.000000,3.403341,2.081148,1.274681,1.442276,3.184916
174.000000,3.494294,2.863688,1.517517,1.489746,3.174814
175.000000,3.350525,3.318538,1.811327,1.551513,2.942923
176.000000,3.336524,3.454472,2.171623,1.622003,2.902734
177.000000,3.078841,3.418687,2.467262,1.719443,2.532684
178.000000,2.843710,3.218893,2.642644,1.807328,2.319989
179.000000,2.670647,3.048651,2.747232,1.931502,2.403182
180.000000,2.523893,2.885576,2.777158,2.048803,2.283234
181.000000,2.340475,2.756973,2.697924,2.114441,2.015907
182.000000,2.131135,2.539713,2.588515,2.135316,1.556812
183.000000,1.947053,2.346574,2.504052,2.131423,1.421554
184.000000,1.747910,2.172070,2.435593,2.113583,1.375949
185.000000,1.604317,2.043608,2.384779,2.110418,1.525589
186.000000,1.410510,1.869085,2.294275,2.085030,1.052882
187.000000,1.291109,1.720747,2.227754,2.061689,0.967890
188.000000,1.241475,1.616637,2.159892,2.049976,1.174729
189.000000,1.171651,1.488673,2.075829,2.021787,1.026922
190.000000,0.976148,1.320802,1.961981,1.964654,0.549130
191.000000,0.958293,1.217486,1.902544,1.916069,0.963829
192.000000,0.894602,1.126531,1.803644,1.862038,0.641909
193.000000,0.639364,0.978069,1.668957,1.789083,-0.118656
194.000000,0.339515,0.801808,1.522956,1.717890,-0.496759
195.000000,0.280239,0.674136,1.427292,1.692179,0.264829
196.000000,0.185083,0.628515,1.347168,1.685749,0.626285
197.000000,0.143865,0.586002,1.274839,1.691504,0.585765
198.000000,0.217575,0.480025,1.192131,1.666524,0.172358
199.000000,0.453028,0.405365,1.109447,1.642979,0.451849
200.000000,0.532497,0.399268,1.028544,1.616397,0.577885
201.000000,0.530134,0.330833,0.957349,1.603287,0.651163
202.000000,0.546575,0.304179,0.911623,1.569593,0.672705
203.000000,0.960167,0.504167,0.906124,1.555350,1.929844
204.000000,0.998180,0.691943,0.854279,1.500690,0.104874
205.000000,-0.822749,0.135220,0.582908,1.322965,-4.307377
206.000000,-2.756126,-0.759457,0.312262,1.136634,-3.366663
207.000000,-3.631227,-1.883667,-0.000837,0.949296,-2.822803
208.000000,-3.736435,-2.695156,-0.364468,0.773808,-2.139709
209.000000,-3.538855,-3.199989,-0.828017,0.540535,-2.289689
210.000000,-2.984813,-3.322449,-1.318247,0.253613,-2.301748
211.000000,-2.602078,-3.211788,-1.841946,-0.050684,-1.960195
212.000000,-2.285521,-3.035872,-2.203648,-0.342342,-1.593687
213.000000,-2.135214,-2.950181,-2.367136,-0.677945,-1.612172
214.000000,-1.949957,-2.789837,-2.386748,-1.043397,-1.502974
215.000000,-1.792691,-2.471587,-2.430917,-1.456033,-1.592492
216.000000,-1.630470,-2.206048,-2.410185,-1.752063,-1.245780
217.000000,-1.531955,-2.000704,-2.356007,-1.972480,-1.171373
218.000000,-1.426367,-1.869088,-2.276018,-2.131593,-1.133259
219.000000,-1.242452,-1.677683,-2.174676,-2.157397,-0.638909
220.000000,-1.054280,-1.500073,-2.102099,-2.122243,-0.702654
221.000000,-0.955302,-1.369689,-2.050304,-2.108909,-0.776819
222.000000,-0.861698,-1.275221,-2.004746,-2.059714,-0.732211
223.000000,-0.788581,-1.186529,-1.995187,-1.975684,-0.803168
224.000000,-0.822167,-1.107387,-1.950844,-1.886193,-0.795680
225.000000,-0.881208,-1.037147,-1.811829,-1.857782,-0.978423
226.000000,-0.926760,-1.007924,-1.698173,-1.846559,-0.996121
227.000000,-0.939803,-0.965250,-1.592347,-1.821999,-0.798400
228.000000,-0.952710,-0.933642,-1.523663,-1.793156,-0.864626
229.000000,-0.952798,-0.951552,-1.442576,-1.772865,-0.768092
230.000000,-0.880791,-0.946957,-1.350419,-1.753293,-0.601448
231.000000,-0.841670,-0.953817,-1.286904,-1.749401,-0.811601
232.000000,-0.716750,-0.904017,-1.213389,-1.725075,-0.046712
233.000000,-0.535498,-0.839151,-1.135957,-1.725027,0.272158
234.000000,-0.423010,-0.814842,-1.082011,-1.719022,-0.219974
235.000000,-0.346560,-0.764315,-1.019034,-1.628104,-0.430233
236.000000,-0.236528,-0.734008,-0.992172,-1.555413,-1.264252
237.000000,-0.360097,-0.689591,-0.951191,-1.479515,-0.219998
238.000000,-0.919380,-0.667608,-0.925065,-1.435390,-1.065948
239.000000,-1.452043,-0.744381,-0.963032,-1.390770,-1.972498
240.000000,-1.029348,-0.638913,-0.936326,-1.301905,1.026183
241.000000,-0.498432,-0.416944,-0.908704,-1.229882,0.499233
242.000000,-0.189095,-0.406618,-0.876085,-1.170705,0.798295
243.000000,0.811265,-0.120053,-0.793784,-1.087050,2.056074
244.000000,1.965299,0.457390,-0.701122,-1.003802,1.923324
245.000000,2.454048,1.430164,-0.502248,-0.881491,2.807213
246.000000,2.743997,2.300778,-0.258987,-0.780111,2.269468
247.000000,2.850184,2.704345,0.030611,-0.669612,2.201969
248.000000,2.594211,2.879346,0.396943,-0.561596,1.643019
249.000000,2.324157,2.946461,0.828695,-0.500550,1.236444
250.000000,1.949257,2.688123,1.353022,-0.423564,1.240876
251.000000,1.732821,2.565352,2.024585,-0.318242,1.365246
252.000000,1.403926,2.363447,2.277021,-0.225068,0.780949
253.000000,1.180573,2.096059,2.244290,-0.106680,0.677734
254.000000,0.983489,1.847479,2.150336,0.024281,0.368353
255.000000,0.940656,1.625093,2.157761,0.276740,1.048741
256.000000,0.794954,1.420652,2.159438,0.583023,0.718838
257.000000,0.933539,1.312410,2.161250,0.992083,1.411837
258.000000,1.176369,1.311523,2.227598,1.527492,1.751462
259.000000,1.137205,1.167165,2.171165,1.852636,0.142970
260.000000,1.144028,1.138502,2.062911,2.115248,1.040820
261.000000,1.508632,1.252653,2.096707,2.371862,2.270394
262.000000,1.600822,1.379474,2.074409,2.339954,1.758326
263.000000,1.549869,1.484975,1.985428,2.245963,1.506192
264.000000,1.858429,1.641483,1.925759,2.221011,1.643436
265.000000,1.962935,1.716742,1.829100,2.207750,1.673189
266.000000,1.860914,1.843246,1.778177,2.232452,1.849640
267.000000,1.662166,1.769707,1.664254,2.152613,0.881094
268.000000,1.454944,1.622249,1.565223,2.090827,0.461900
269.000000,1.303563,1.701936,1.528210,2.087913,0.852157
270.000000,0.984423,1.614442,1.459484,1.972561,0.078665
271.000000,0.734631,1.468998,1.434956,1.924605,0.896291
272.000000,0.559239,1.308200,1.412930,1.849234,0.043852
273.000000,0.086528,1.006065,1.319054,1.689425,-1.677056
274.000000,-0.439059,0.697284,1.277022,1.567836,-1.168580
275.000000,-0.528981,0.437425,1.239134,1.452268,-0.194776
276.000000,1.649613,1.353101,1.746224,1.710187,4.694885
277.000000,3.128516,2.255021,2.096119,1.892235,3.346224
278.000000,3.844989,2.978436,2.382359,2.083643,3.081783
279.000000,3.894302,3.315954,2.691677,2.278872,2.959313
280.000000,3.640791,3.351776,2.778755,2.381890,2.402301
281.000000,3.053761,3.241577,2.748578,2.439593,2.232295
282.000000,2.726070,3.134676,2.710428,2.477660,2.055976
283.000000,2.466854,3.066438,2.669032,2.492666,1.960359
284.000000,2.206979,2.948591,2.599979,2.483794,1.768876
285.000000,2.067143,2.830958,2.540738,2.455394,1.786898
286.000000,1.940706,2.534683,2.469749,2.421072,1.667814
287.000000,1.854564,2.346781,2.433556,2.375570,1.672595
288.000000,1.730126,2.157886,2.377269,2.303653,1.398138
289.000000,1.622173,1.974982,2.308061,2.258285,1.275541
290.000000,1.536410,1.859971,2.269400,2.212386,1.376775
291.000000,1.405711,1.726696,2.193468,2.128280,1.045025
292.000000,1.265925,1.610428,2.135179,2.060857,0.996985
293.000000,1.211938,1.522841,2.113652,2.016468,1.137421
294.000000,1.133409,1.429115,2.069224,1.959808,0.895785
295.000000,1.017690,1.327206,2.015612,1.905264,0.815587
296.000000,0.948086,1.226590,1.870420,1.848725,0.703171
297.000000,0.827198,1.094132,1.740638,1.795996,0.392580
298.000000,0.692520,1.000972,1.626684,1.761021,0.482753
299.000000,0.604256,0.919838,1.514560,1.726581,0.468270
300.000000,0.470516,0.796482,1.410226,1.691548,0.151339
301.000000,0.363356,0.713451,1.317533,1.657743,0.188871
302.000000,0.323376,0.634027,1.234416,1.637570,0.177516
303.000000,0.278405,0.542929,1.162359,1.641781,0.301121
304.000000,0.191891,0.461604,1.093828,1.641145,0.053313
305.000000,0.279010,0.421379,1.041010,1.652724,1.030116
306.000000,0.293201,0.357468,0.975862,1.579147,0.114770
307.000000,0.196870,0.300882,0.889802,1.511124,-0.953590
308.000000,-0.316490,0.148008,0.794991,1.426584,-2.435804
309.000000,-1.009220,-0.058481,0.698455,1.334056,-2.265411
310.000000,-1.887030,-0.242348,0.584823,1.257678,-1.872995
311.000000,-2.331417,-0.518518,0.490365,1.182976,-1.663231
312.000000,-2.372341,-0.929797,0.385203,1.109225,-1.572568
313.000000,-1.882702,-1.353601,0.268728,1.046744,-0.555398
314.000000,-1.678827,-1.759381,0.128790,0.972379,-1.452007
315.000000,-1.788057,-2.238442,-0.075255,0.867444,-2.296079
316.000000,-2.132964,-2.556372,-0.373420,0.731882,-2.928351
317.000000,-2.405969,-2.634150,-0.704553,0.569447,-2.722179
318.000000,-2.629465,-2.501083,-1.107905,0.415553,-2.161469
319.000000,-2.562797,-2.343245,-1.533118,0.259946,-1.686450
320.000000,-2.542719,-2.354815,-1.940610,0.024723,-2.358011
321.000000,-2.377576,-2.362353,-2.244786,-0.218753,-2.181613
322.000000,-2.184443,-2.334442,-2.367380,-0.492826,-1.863068
323.000000,-2.037490,-2.334209,-2.361109,-0.815468,-1.542230
324.000000,-1.905590,-2.234667,-2.262282,-1.110848,-1.133679
325.000000,-1.658684,-2.098631,-2.225573,-1.404506,-1.134837
326.000000,-1.421191,-1.910890,-2.151478,-1.652950,-1.023619
327.000000,-1.208777,-1.724016,-2.053719,-1.795680,-0.862035
328.000000,-1.117618,-1.619575,-1.955755,-1.913152,-1.118088
329.000000,-1.128314,-1.569600,-1.881064,-1.975734,-1.186287
330.000000,-1.213048,-1.488803,-1.852594,-1.983090,-1.526252
331.000000,-1.356462,-1.438641,-1.846447,-1.984835,-1.682733
332.000000,-1.414424,-1.359885,-1.811463,-1.941974,-1.156139
333.000000,-1.367387,-1.289353,-1.796743,-1.896306,-0.900997
334.000000,-1.201539,-1.207669,-1.729562,-1.820623,-0.346414
335.000000,-1.055548,-1.174931,-1.667351,-1.810689,-0.796132
336.000000,-0.781839,-1.117136,-1.559157,-1.767521,-0.365847
337.000000,-0.742327,-1.142089,-1.487465,-1.741076,-1.060103
338.000000,-0.799582,-1.154138,-1.445998,-1.701388,-1.224915
339.000000,-0.965603,-1.138463,-1.417373,-1.660696,-1.001417
340.000000,-0.951932,-1.049604,-1.335719,-1.623491,-0.666060
341.000000,-0.972815,-0.899493,-1.244905,-1.586360,-0.310638
342.000000,-0.829698,-0.817320,-1.171775,-1.558066,-0.320403
343.000000,-0.534882,-0.728104,-1.101745,-1.547206,0.282069
344.000000,-0.311249,-0.754955,-1.071322,-1.529724,-0.006084
345.000000,-0.152855,-0.716827,-1.044516,-1.494465,-0.087743
346.000000,-0.067827,-0.745817,-1.023540,-1.432062,-0.042317
347.000000,-0.237824,-0.731649,-1.044197,-1.384262,-1.146471
348.000000,-0.217661,-0.510786,-0.998023,-1.325143,0.616076
349.000000,-0.154900,-0.320558,-0.955020,-1.291877,0.265925
350.000000,0.020453,-0.126086,-0.864753,-1.217068,0.433017
351.000000,0.547118,0.210094,-0.701097,-1.122582,1.429413
352.000000,1.338153,0.632134,-0.584269,-1.042108,1.065887
353.000000,1.570382,0.972106,-0.460727,-0.966026,1.434610
354.000000,1.731954,1.280330,-0.417538,-0.921437,0.987846
355.000000,1.822682,1.564686,-0.291398,-0.873092,1.005126
356.000000,1.857122,1.978857,-0.158159,-0.811020,1.708666
357.000000,2.019611,2.551287,0.144961,-0.755329,1.751298
358.000000,2.205434,2.690074,0.650761,-0.650637,2.194760
359.000000,2.680878,2.956583,1.434939,-0.471692,2.949743
360.000000,2.954181,3.056946,2.275232,-0.193821,2.875588
361.000000,2.925539,2.930108,2.765031,0.171020,2.539635
362.000000,2.877637,2.837123,2.938540,0.553227,2.330459
363.000000,2.758904,2.717735,2.854263,0.977079,2.167906
364.000000,2.529004,2.653504,2.779560,1.389897,2.090375
365.000000,2.416279,2.654058,2.756877,1.917689,2.411479
366.000000,2.340598,2.595573,2.708118,2.285658,2.246498
367.000000,2.289421,2.546049,2.693447,2.570969,2.171946
368.000000,2.240465,2.470691,2.597254,2.699392,2.052495
369.000000,2.168064,2.336326,2.515584,2.685612,1.840039
370.000000,2.074061,2.234287,2.455247,2.626031,1.950286
371.000000,1.947390,2.127753,2.352579,2.514693,1.634756
372.000000,1.787442,2.017100,2.258513,2.403062,1.386744
373.000000,1.626472,1.913047,2.163553,2.284960,1.250157
374.000000,1.492453,1.816408,2.091451,2.197520,1.162971
375.000000,1.325434,1.693810,2.028844,2.126477,1.104571
376.000000,1.239312,1.598045,1.970782,2.073353,1.204809
377.000000,1.201492,1.508356,1.923538,2.047227,1.208137
378.000000,1.187666,1.426273,1.872049,1.994455,1.187317
379.000000,1.172273,1.353305,1.798275,1.952488,1.084632
380.000000,1.024035,1.195430,1.687113,1.878506,0.299555
381.000000,0.904106,1.094399,1.607494,1.814347,0.586653
382.000000,0.726923,0.993974,1.524940,1.753755,0.300043
383.000000,0.520678,0.897406,1.446729,1.693306,0.175070
384.000000,0.346642,0.820027,1.381462,1.654742,0.300484
385.000000,0.286500,0.719561,1.289322,1.613995,-0.072414
386.000000,0.077315,0.570261,1.189873,1.562053,-0.506835
387.000000,-0.184562,0.367726,1.073925,1.507243,-1.157426
388.000000,-0.378067,0.178052,0.975518,1.464535,-0.726050
389.000000,-0.762001,-0.070011,0.865877,1.395386,-1.372223
390.000000,-1.036572,-0.207486,0.745485,1.330055,-1.087374
391.000000,-1.284582,-0.454866,0.623626,1.264322,-1.467574
392.000000,-1.152669,-0.607366,0.539596,1.222274,-0.456490
393.000000,-1.149990,-0.779059,0.452250,1.180873,-0.589459
394.000000,-1.040920,-1.032894,0.349982,1.135807,-0.864014
395.000000,-1.062856,-1.261405,0.219090,1.061975,-1.194609
396.000000,-0.636028,-1.209113,0.111945,1.018341,0.329131
397.000000,-0.780582,-1.189172,-0.092808,0.932571,-1.103267
398.000000,-1.230470,-1.416959,-0.439651,0.796444,-2.411585
399.000000,-1.467175,-1.451390,-0.817364,0.666979,-1.810793
400.000000,-1.715145,-1.565884,-1.152996,0.482549,-2.156438
401.000000,-2.209975,-1.630460,-1.567184,0.281510,-2.138963
402.000000,-2.324947,-1.781468,-1.881700,0.065691,-1.927392
403.000000,-2.036877,-1.809406,-2.025289,-0.147143,-1.212556
404.000000,-1.815848,-1.774767,-2.070427,-0.379930,-0.857783
405.000000,-1.588237,-1.747153,-2.038164,-0.679069,-1.077208
406.000000,-1.195716,-1.767051,-1.884758,-0.991570,-0.266719
407.000000,-0.784355,-1.642768,-1.689607,-1.305134,0.006343
408.000000,-0.414006,-1.348111,-1.534404,-1.562314,0.574644
409.000000,0.084141,-1.033966,-1.315188,-1.680311,1.505754
410.000000,0.745297,-0.631065,-1.131139,-1.607702,1.574501
411.000000,1.241906,-0.167344,-0.937490,-1.552211,1.598851
412.000000,1.625193,0.330861,-0.823553,-1.442868,1.470319
413.000000,1.734487,0.725498,-0.731352,-1.341089,1.103571
414.000000,1.635383,1.109394,-0.621668,-1.254518,1.148362
415.000000,1.526949,1.555408,-0.479062,-1.131584,1.158973
416.000000,1.389574,1.801150,-0.440339,-0.986971,1.058616
417.000000,1.187873,1.870818,-0.318479,-0.834075,0.664299
418.000000,1.133150,1.858843,-0.016043,-0.714665,0.914123
419.000000,1.102029,1.734328,0.299013,-0.541335,1.039721
420.000000,1.009607,1.572596,0.676870,-0.410013,0.771395
421.000000,0.938454,1.421006,1.096650,-0.247044,0.757693
422.000000,1.113453,1.397152,1.601026,-0.086005,1.446727
423.000000,1.249133,1.434269,1.980030,0.114839,1.521382
424.000000,1.242542,1.398074,2.174463,0.315380,1.046529
425.000000,1.391794,1.427564,2.366736,0.643028,1.483580
426.000000,1.549131,1.476727,2.406300,0.907558,1.559322
427.000000,1.553673,1.560179,2.373738,1.372862,1.519661
428.000000,1.385291,1.511627,2.212881,1.886821,0.828606
429.000000,1.400664,1.502936,2.059848,2.308491,1.221059
430.000000,1.332653,1.522011,1.928997,2.583757,1.249608
431.000000,1.482832,1.661140,1.905412,2.798736,2.326088
432.000000,1.411475,1.591281,1.802798,2.738264,1.130550
433.000000,1.366620,1.457123,1.694152,2.557494,0.400486
434.000000,1.131008,1.335789,1.570459,2.357538,-0.234322
435.000000,0.994760,1.231137,1.499277,2.254019,0.389000
436.000000,0.144664,0.984483,1.359759,2.046732,-1.494217
437.000000,-0.450462,0.743792,1.267646,1.884994,-1.272188
438.000000,-0.943685,0.564876,1.163799,1.727887,-1.368142
439.000000,-1.251373,0.281834,1.056603,1.561743,-1.248494
440.000000,-1.978269,-0.252930,0.897309,1.352624,-2.388249
441.000000,-2.124702,-1.134508,0.730065,1.156514,-2.219090
442.000000,-1.955196,-1.558623,0.587842,1.040912,-0.881853
443.000000,-1.890465,-1.852250,0.395368,0.926105,-1.271994
444.000000,-2.068905,-2.124074,0.141780,0.751775,-2.142355
445.000000,-1.761126,-2.212259,-0.102557,0.635331,-1.100379
446.000000,-1.607587,-2.131534,-0.452658,0.483873,-1.539389
447.000000,-1.929833,-2.214883,-0.984094,0.270065,-2.324316
448.000000,-2.194111,-2.310561,-1.533618,-0.026194,-2.496274
449.000000,-2.186626,-2.343755,-2.083823,-0.351666,-2.159952
450.000000,-2.384403,-2.307972,-2.541917,-0.737030,-2.309323
451.000000,-2.511337,-2.318538,-2.917781,-1.203952,-2.448700
452.000000,-2.403190,-2.354877,-2.917691,-1.680583,-2.029513
453.000000,-2.232015,-2.318960,-2.792784,-2.077346,-1.795933
454.000000,-2.037976,-2.171506,-2.606253,-2.278486,-1.342603
455.000000,-1.886929,-2.144116,-2.506478,-2.453312,-1.565564
456.000000,-1.654306,-2.060600,-2.341826,-2.513146,-1.284832
457.000000,-1.440765,-1.906621,-2.198605,-2.482030,-0.976347
458.000000,-1.260649,-1.747536,-2.079610,-2.385409,-0.910061
459.000000,-1.044412,-1.557782,-1.939364,-2.259586,-0.249543
460.000000,-0.831333,-1.392978,-1.810460,-2.174647,-0.518596
461.000000,-0.410120,-1.084180,-1.621017,-2.058724,0.889938
462.000000,0.013667,-0.789139,-1.486470,-1.908608,1.146962
463.000000,0.427352,-0.520992,-1.369361,-1.776986,0.963533
464.000000,0.709819,-0.287120,-1.234140,-1.653369,0.955524
465.000000,1.038423,-0.019470,-1.157210,-1.581538,0.764707
466.000000,1.074146,0.268928,-1.053936,-1.465426,1.033073
467.000000,1.094683,0.565438,-0.905269,-1.360572,1.244907
468.000000,1.237946,0.924572,-0.712987,-1.245681,1.594534
469.000000,1.369619,1.195445,-0.521670,-1.142703,1.532755
470.000000,1.488074,1.475478,-0.302190,-1.017361,1.343568
471.000000,1.497939,1.505453,-0.041255,-0.901244,1.151663
472.000000,1.654139,1.611211,0.306046,-0.768226,1.972648
473.000000,1.634854,1.671105,0.652462,-0.642675,1.542871
474.000000,1.612598,1.710740,0.994087,-0.469279,1.476711
475.000000,1.568604,1.726614,1.365414,-0.343169,1.213055
476.000000,1.649632,1.763457,1.751213,-0.130728,1.606853
477.000000,1.582263,1.778266,2.055882,0.189895,1.652589
478.000000,1.593478,1.753761,2.267235,0.611747,1.635652
479.000000,1.580052,1.716535,2.313513,1.079259,1.476411
480.000000,1.607305,1.691074,2.322657,1.620110,1.426864
481.000000,1.570402,1.684420,2.204286,2.159488,1.455524
482.000000,1.427285,1.554339,2.046501,2.447972,0.945270
483.000000,1.290293,1.475431,1.927988,2.569290,0.944500
484.000000,1.175708,1.404363,1.828054,2.551836,0.892540
485.000000,1.120993,1.392920,1.773089,2.529890,1.179643
486.000000,1.033084,1.337917,1.708516,2.449465,1.067544
487.000000,0.957832,1.231878,1.618124,2.318005,0.478536
488.000000,0.859406,1.117339,1.521815,2.201567,0.341399
489.000000,0.647143,0.968028,1.416356,2.045476,-0.366255
490.000000,0.394425,0.844751,1.345820,1.951649,-0.011169
491.000000,-0.009840,0.647215,1.267521,1.792393,-0.758432
492.000000,-0.339418,0.485401,1.145780,1.648166,-0.945546
493.000000,-0.735142,0.266851,1.038574,1.526017,-1.322332
494.000000,-0.763124,0.103307,0.965466,1.447613,-0.404716
495.000000,-0.749864,-0.080829,0.931359,1.406794,0.193135
496.000000,-0.474083,-0.226987,0.883782,1.373094,0.629501
497.000000,-0.004274,-0.217089,0.845687,1.350528,1.190234
498.000000,0.699921,-0.129015,0.813456,1.325645,1.470837
499.000000,1.131649,0.077425,0.781835,1.302112,1.202790
500.000000,1.453039,0.279164,0.761842,1.295624,1.432720
501.000000,1.471378,0.526380,0.699869,1.282321,0.649686
502.000000,1.376587,0.868928,0.702158,1.235513,0.825566
503.000000,1.010814,1.179298,0.658477,1.192103,-0.040850
504.000000,0.754482,1.345735,0.628552,1.158028,0.154521
505.000000,0.182569,1.220366,0.468338,1.118362,-0.874065
506.000000,-0.420287,0.824767,0.189299,1.024369,-1.707031
507.000000,-1.123983,0.225677,-0.111010,0.903756,-1.880239
508.000000,-1.300669,-0.247119,-0.345676,0.802291,-0.840538
509.000000,-1.607546,-0.769335,-0.583408,0.673998,-1.294326
510.000000,-1.662543,-1.288401,-0.970646,0.521474,-1.227195
511.000000,-1.521446,-1.580515,-1.188107,0.328672,-1.127413
512.000000,-1.479402,-1.959423,-1.557623,0.117689,-1.708089
513.000000,-1.784353,-2.220041,-1.948511,-0.201648,-2.138941
514.000000,-1.841336,-2.356915,-2.333309,-0.562116,-1.632351
515.000000,-1.824731,-2.305131,-2.541046,-1.007051,-1.292747
516.000000,-1.736644,-2.115958,-2.605873,-1.395207,-0.874715
517.000000,-1.488294,-1.891302,-2.659052,-1.606775,-0.613879
518.000000,-1.091180,-1.781621,-2.670294,-1.699360,-0.363554
519.000000,-0.778052,-1.608466,-2.606358,-1.650663,-0.276942
520.000000,-0.651797,-1.522024,-2.639517,-1.678804,-0.755098
521.000000,-0.782896,-1.543387,-2.646561,-1.696256,-1.430625
522.000000,-0.840088,-1.411323,-2.567007,-1.630493,-0.871353
523.000000,-1.163557,-1.349424,-2.518328,-1.635081,-1.766471
524.000000,-1.418955,-1.313243,-2.454916,-1.688852,-1.474572
525.000000,-1.357901,-1.201365,-2.257085,-1.684859,-0.594641
526.000000,-1.171256,-1.153793,-2.054130,-1.708398,-0.630527
527.000000,-1.039212,-1.095793,-1.847454,-1.730227,-0.298287
528.000000,-0.646968,-1.021976,-1.712227,-1.735477,0.119630
529.000000,-0.309212,-0.970966,-1.572086,-1.732159,0.092833
530.000000,0.010460,-0.783085,-1.396934,-1.698326,1.027089
531.000000,0.607240,-0.407282,-1.173957,-1.575844,2.097580
532.000000,1.735781,0.188955,-0.739340,-1.331642,3.734608
533.000000,2.744288,1.051224,-0.190783,-1.012506,3.400601
534.000000,3.396088,1.999467,0.433278,-0.639045,3.243111
535.000000,3.417070,2.634436,1.038239,-0.182136,2.700842
536.000000,3.259248,3.024391,1.620751,0.456514,2.610718
537.000000,2.911759,3.093697,2.064160,1.169981,2.292419
538.000000,2.557823,2.963218,2.295052,1.713073,1.777581
539.000000,2.232635,2.817356,2.412387,2.187355,1.605967
540.000000,1.963142,2.626952,2.457468,2.464895,1.353193
541.000000,1.702240,2.437314,2.488278,2.590876,1.281008
542.000000,1.481046,2.198090,2.446615,2.642626,1.186100
543.000000,1.408592,2.022449,2.458104,2.687167,1.414353
544.000000,1.299311,1.820485,2.399778,2.613325,1.079483
545.000000,1.273806,1.681498,2.324271,2.540798,1.233587
546.000000,1.248221,1.538536,2.252057,2.448500,1.159403
547.000000,1.183235,1.390642,2.156671,2.333539,0.871963
548.000000,1.047005,1.280870,2.058668,2.221770,0.745938
549.000000,0.953761,1.176377,1.971294,2.117587,0.616696
550.000000,0.864677,1.118372,1.894885,2.058849,0.796603
551.000000,0.804329,1.076865,1.818309,2.030772,0.876540
552.000000,0.783886,1.035539,1.704901,1.983109,0.776705
553.000000,0.834074,0.990624,1.611170,1.975681,1.009883
554.000000,0.906369,0.976580,1.513592,1.957237,0.966023
555.000000,0.971887,0.957673,1.440191,1.926763,1.123307
556.000000,1.010644,0.939366,1.360512,1.898045,1.057612
557.000000,1.082230,0.956330,1.291384,1.867469,1.071348
558.000000,1.115632,0.997649,1.251191,1.837445,1.151862
559.000000,1.139250,1.050488,1.213394,1.809502,1.000844
560.000000,0.997554,1.033514,1.166573,1.757314,0.062448
561.000000,0.888546,1.022931,1.131218,1.704690,0.197464
562.000000,0.760029,1.044525,1.105356,1.627251,0.331407
563.000000,0.617308,1.053675,1.068636,1.555540,0.795144
564.000000,0.320182,1.027060,1.041513,1.469431,0.018392
565.000000,0.184916,0.905194,0.985540,1.386055,-0.636538
566.000000,0.096915,0.785020,0.939409,1.302003,-0.143845
567.000000,-0.003238,0.608337,0.918187,1.223865,-0.051794
568.000000,-0.187339,0.357009,0.912685,1.168446,0.067269
569.000000,-0.029224,0.195838,0.940099,1.126908,0.661786
570.000000,0.162159,0.213317,0.937262,1.091364,0.130511
571.000000,0.261484,0.221222,0.929123,1.061179,0.259861
572.000000,0.307296,0.184314,0.934142,1.034102,0.096877
573.000000,0.274661,0.041723,0.891255,0.984673,-0.104256
574.000000,0.112325,0.046146,0.854161,0.959013,0.047299
575.000000,0.379070,0.328958,0.829927,0.935661,1.194000
576.000000,0.453900,0.443038,0.775010,0.905194,0.549131
577.000000,0.950259,0.781598,0.805883,0.926253,1.977856
578.000000,1.876218,1.379589,0.973525,0.998873,3.147798
579.000000,2.660603,1.950868,1.290509,1.112157,3.159250
580.000000,2.972484,2.507802,1.830125,1.227644,2.801576
581.000000,3.095379,2.767529,2.199850,1.335318,2.162486
582.000000,3.053351,2.996468,2.552218,1.507521,2.540732
583.000000,2.680579,2.993862,2.634442,1.631338,1.816418
584.000000,2.246489,2.843057,2.649222,1.730519,1.238487
585.000000,1.762288,2.545490,2.578596,1.752331,0.532030
586.000000,1.510914,2.413892,2.524463,1.794160,0.932165
587.000000,1.214386,2.234418,2.481565,1.822758,1.091866
588.000000,1.076258,2.002162,2.425606,1.820027,1.155721
589.000000,1.013325,1.761770,2.313349,1.796813,0.949224
590.000000,1.098260,1.561308,2.248719,1.839270,0.976581
591.000000,1.197439,1.481347,2.226386,1.886321,1.428524
592.000000,1.211121,1.326383,2.184641,1.893962,1.189963
593.000000,1.186569,1.232008,2.142678,1.867112,1.056935
594.000000,1.207292,1.201136,2.097137,1.871650,1.054001
595.000000,1.407552,1.348256,2.088644,1.958018,1.918275
596.000000,1.448351,1.414281,2.078497,1.994338,1.617207
597.000000,1.513883,1.451092,2.015870,2.015841,1.505190
598.000000,1.535516,1.445220,1.891241,2.006523,1.150338
599.000000,1.510893,1.440508,1.755564,1.966297,0.911810
600.000000,1.358957,1.463137,1.654068,1.959147,1.184050
601.000000,1.258074,1.433213,1.581867,1.944477,1.132972
602.000000,1.098609,1.392773,1.466047,1.914612,0.723690
603.000000,1.092647,1.411554,1.412924,1.911730,1.122018
604.000000,1.068150,1.398053,1.374401,1.888543,0.684959
605.000000,0.876525,1.232453,1.359195,1.829537,0.131358
606.000000,0.525926,1.036281,1.299248,1.773239,-0.793440
607.000000,0.246998,0.846621,1.242835,1.697592,-0.718837
608.000000,-0.147334,0.722242,1.202734,1.602827,-0.239979
609.000000,-0.620887,0.541235,1.151059,1.481968,-0.997193
610.000000,-0.900709,0.270298,1.098193,1.368077,-0.865598
611.000000,-0.974445,-0.087700,0.995142,1.267293,-1.127678
612.000000,-1.435693,-0.627861,0.829196,1.097291,-2.454582
613.000000,-1.598616,-1.067524,0.728954,0.997691,-1.064418
614.000000,-1.673600,-1.437669,0.594199,0.911398,-1.423123
615.000000,-1.855620,-1.729596,0.315910,0.847297,-1.840258
616.000000,-2.073708,-1.918021,-0.027725,0.737424,-2.277979
617.000000,-1.930471,-2.022107,-0.403508,0.623857,-1.876283
618.000000,-2.037884,-2.129144,-0.796126,0.497108,-1.749950
619.000000,-1.983014,-2.090526,-1.180665,0.386744,-1.393548
620.000000,-1.955570,-2.125570,-1.692405,0.224398,-1.798610
621.000000,-1.735689,-2.059265,-2.082327,0.023359,-1.306072
622.000000,-1.666381,-1.924480,-2.340216,-0.228151,-1.583983
623.000000,-1.687062,-1.962781,-2.542011,-0.564004,-1.851374
624.000000,-1.732187,-1.941621,-2.562264,-0.966484,-1.672779
625.000000,-1.694544,-1.886628,-2.488646,-1.530496,-1.659976
626.000000,-1.885155,-1.880937,-2.430132,-2.117924,-2.273993
627.000000,-1.919816,-1.854514,-2.346168,-2.479216,-1.841123
628.000000,-1.837783,-1.802153,-2.266914,-2.591866,-1.497826
629.000000,-1.811872,-1.795429,-2.180790,-2.594032,-1.563867
630.000000,-1.781787,-1.755624,-2.111282,-2.559445,-1.523757
631.000000,-1.587531,-1.737718,-2.030281,-2.478599,-1.306930
632.000000,-1.559348,-1.742291,-1.941179,-2.404798,-1.703643
633.000000,-1.549628,-1.699883,-1.896120,-2.338203,-1.452372
634.000000,-1.461472,-1.645599,-1.827317,-2.242399,-1.105329
635.000000,-1.231932,-1.523680,-1.718395,-2.109172,-0.293308
636.000000,-0.980736,-1.309170,-1.592151,-1.968629,0.047606
637.000000,-0.629967,-1.143237,-1.497300,-1.864708,-0.009902
638.000000,-0.245130,-0.983283,-1.402173,-1.778475,0.365788
639.000000,0.105983,-0.798238,-1.327490,-1.686485,0.484247
640.000000,0.380480,-0.560112,-1.221952,-1.595326,1.010713
641.000000,0.496158,-0.374720,-1.164763,-1.528112,0.519933
642.000000,0.661130,-0.087687,-1.088252,-1.426135,0.654488
643.000000,0.852618,0.247312,-0.974586,-1.354251,1.217732
644.000000,0.895521,0.499180,-0.892375,-1.299121,0.606488
645.000000,0.686003,0.582293,-0.829408,-1.256845,0.024549
646.000000,0.888473,0.771274,-0.642317,-1.160525,1.414665
647.000000,0.993228,0.944619,-0.478698,-1.087624,1.088531
648.000000,1.218425,1.198556,-0.256072,-0.981247,2.101807
649.000000,1.781543,1.560932,0.084999,-0.849360,2.762805
650.000000,2.177146,1.719981,0.440207,-0.716153,2.001684
651.000000,2.207964,1.885679,0.822183,-0.600454,1.785519
652.000000,2.282907,2.012854,1.326901,-0.443681,1.818783
653.000000,2.003052,1.925549,1.707920,-0.291783,0.998463
654.000000,1.625731,1.899490,1.990696,-0.115225,0.986613
655.000000,1.437537,1.935489,2.121490,0.121377,1.127603
656.000000,1.095032,1.729520,2.047613,0.397924,0.156420
657.000000,0.827842,1.627193,1.998206,0.739681,0.554847
658.000000,0.716839,1.444330,1.898457,1.099742,0.470114
659.000000,0.550446,1.170701,1.774691,1.483362,0.191157
660.000000,0.351673,0.980974,1.638131,1.845718,0.239274
661.000000,0.396258,0.824272,1.561445,2.094883,0.336396
662.000000,0.244458,0.604889,1.455636,2.230707,-0.202164
663.000000,-0.321214,0.281793,1.216367,2.071635,-2.310423
664.000000,-1.133529,-0.185192,0.971362,1.795732,-3.047766
665.000000,-2.145312,-0.834388,0.714908,1.402572,-3.151100
666.000000,-2.943712,-1.420068,0.347538,0.979266,-2.921772
667.000000,-3.000587,-1.852328,0.094945,0.724726,-1.757283
668.000000,-2.539284,-2.046645,-0.142358,0.569350,-0.838215
669.000000,-1.963285,-2.057638,-0.407427,0.484173,-0.304014
670.000000,-1.428849,-2.067608,-0.665085,0.326850,-0.495860
671.000000,-0.961094,-2.103190,-0.967857,0.168692,-0.788572
672.000000,-0.664328,-2.016583,-1.251312,0.042671,-0.459418
673.000000,-0.408221,-1.681324,-1.347717,-0.019047,0.274132
674.000000,-0.332894,-1.346043,-1.472342,-0.069827,0.023630
675.000000,-0.077093,-0.895449,-1.528904,0.034724,0.612718
676.000000,0.169219,-0.474776,-1.503259,-0.052040,0.276715
677.000000,0.436849,-0.135855,-1.451259,-0.029709,0.694364
678.000000,0.544433,0.085680,-1.374318,-0.132652,0.743542
679.000000,0.708048,0.233149,-1.263736,-0.402760,0.758761
680.000000,0.794710,0.441594,-1.129812,-0.545138,1.005925
681.000000,0.932486,0.674575,-1.027521,-0.715460,0.881161
682.000000,0.971517,0.855432,-0.897214,-0.933731,0.846543
683.000000,0.774492,0.798486,-0.744558,-1.239697,-0.170964
684.000000,0.588263,0.792293,-0.509429,-1.488516,-0.084948
685.000000,0.212352,0.635690,-0.271783,-1.841391,-0.624349
686.000000,-0.147448,0.524693,0.010136,-1.909531,-0.617079
687.000000,-0.597747,0.286001,0.119840,-2.093903,-1.009952
688.000000,-0.681096,0.098144,0.178075,-2.119194,-0.506988
689.000000,-1.007974,-0.252664,0.024339,-2.258346,-1.429267
690.000000,-1.216290,-0.678174,-0.132680,-2.383039,-1.484764
691.000000,-1.262328,-0.979637,-0.149554,-2.399797,-0.837460
692.000000,-1.214157,-1.258718,-0.237158,-2.389393,-0.820464
693.000000,-1.161586,-1.276224,-0.411686,-2.163312,-0.348183
694.000000,-0.749204,-1.188898,-0.398394,-1.793528,0.321879
695.000000,-0.326380,-1.022274,-0.554886,-1.360852,0.336691
696.000000,0.033021,-0.807945,-0.482817,-0.817383,0.818890
697.000000,0.423572,-0.539765,-0.526077,-0.418913,0.876485
698.000000,0.683724,-0.378333,-0.637330,-0.188110,0.670710
699.000000,0.701960,-0.107454,-0.826563,-0.087195,0.355322
700.000000,0.531260,0.081750,-1.306804,-0.060517,-0.428066
701.000000,0.148871,0.113236,-1.771118,-0.035776,-0.826384
702.000000,-0.108705,0.232147,-1.984817,0.016794,-0.233713
703.000000,-0.376627,0.232539,-1.934172,-0.110757,-0.483531
704.000000,-0.617698,0.070436,-1.959218,-0.226542,-0.693044
705.000000,-0.507242,0.017599,-1.706441,-0.352318,0.041627
706.000000,-0.381926,-0.158080,-1.551879,-0.467815,-0.286761
707.000000,-0.240659,-0.233418,-1.188446,-0.572867,0.412662
708.000000,0.139129,-0.162889,-0.819082,-0.569073,1.201150
709.000000,0.735749,0.051726,-0.101010,-0.450730,1.793320
710.000000,1.189788,0.413611,0.655021,-0.366243,1.856671
711.000000,0.291863,-0.093572,0.053449,-1.408748,-3.327337
712.000000,-1.074918,-0.872427,-0.677460,-2.440591,-3.201991
713.000000,-2.495844,-1.638948,-1.466336,-2.922798,-2.739756
714.000000,-3.287504,-2.218872,-2.149504,-3.071876,-2.176015
715.000000,-3.426007,-2.634542,-2.532654,-2.945307,-1.677707
716.000000,-2.853557,-2.859209,-2.868608,-2.845160,-1.732633
717.000000,-2.423853,-2.990585,-3.042251,-2.711963,-1.702426
718.000000,-2.072880,-3.011652,-3.035900,-2.604762,-1.438434
719.000000,-1.874402,-2.997332,-2.954399,-2.447393,-1.457542
720.000000,-1.781573,-2.926342,-2.806059,-2.312552,-1.405989
721.000000,-1.675220,-2.537786,-2.660264,-2.243492,-1.356043
722.000000,-1.601660,-2.246194,-2.586074,-2.196390,-1.436757
723.000000,-1.632903,-2.062373,-2.531395,-2.206159,-1.635954
724.000000,-1.606837,-1.923065,-2.447228,-2.215800,-1.420706
725.000000,-1.585974,-1.842624,-2.399522,-2.213154,-1.383731
726.000000,-1.539224,-1.743103,-2.325442,-2.207016,-1.210501
727.000000,-1.468047,-1.647965,-2.276633,-2.193562,-1.140462
728.000000,-1.421965,-1.621237,-2.277419,-2.196994,-1.425883
729.000000,-1.400556,-1.585758,-2.275074,-2.178213,-1.327188
730.000000,-1.379376,-1.557268,-2.259772,-2.136923,-1.288710
731.000000,-1.341368,-1.509721,-2.081715,-2.075388,-1.040085
732.000000,-1.298282,-1.448910,-1.917084,-2.032654,-0.939966
733.000000,-1.192429,-1.369371,-1.782438,-1.989167,-0.925966
734.000000,-1.093507,-1.307778,-1.678754,-1.943615,-0.857878
735.000000,-1.045751,-1.274605,-1.619957,-1.931558,-1.070442
736.000000,-1.085272,-1.277706,-1.572614,-1.921855,-1.222999
737.000000,-1.072609,-1.251024,-1.509844,-1.906475,-0.848944
738.000000,-1.095820,-1.206328,-1.472288,-1.912516,-1.007657
739.000000,-1.174234,-1.185514,-1.444578,-1.931948,-1.208784
740.000000,-1.324636,-1.213287,-1.443948,-1.963089,-2.147056
741.000000,-1.430790,-1.264617,-1.440480,-1.881439,-1.829094
742.000000,-1.760328,-1.371141,-1.449878,-1.809604,-2.226644
743.000000,-2.029346,-1.494179,-1.449940,-1.749590,-2.187345
744.000000,-2.105217,-1.607088,-1.451681,-1.698626,-1.805425
745.000000,-1.915505,-1.640442,-1.436588,-1.653017,-1.269573
746.000000,-1.821967,-1.660023,-1.438448,-1.611759,-1.390901
747.000000,-1.656608,-1.733164,-1.445167,-1.574381,-1.382571
748.000000,-1.458792,-1.750417,-1.424206,-1.544667,-1.207208
749.000000,-1.304919,-1.716263,-1.404512,-1.514234,-1.052511
750.000000,-1.238048,-1.601130,-1.383206,-1.486704,-0.909721
751.000000,-1.148482,-1.521203,-1.385244,-1.464924,-0.936307
752.000000,-1.036628,-1.390599,-1.393503,-1.440265,-0.833479
753.000000,-0.936124,-1.242924,-1.399653,-1.404872,-0.720740
754.000000,-0.889594,-1.140797,-1.418138,-1.382847,-0.836658
755.000000,-0.885676,-1.104927,-1.419360,-1.364208,-0.890524
756.000000,-0.892451,-1.059677,-1.409787,-1.356939,-0.976750
757.000000,-0.939358,-1.019821,-1.437598,-1.355670,-1.064029
758.000000,-1.137583,-1.057059,-1.470915,-1.350268,-1.658107
759.000000,-1.491761,-1.203630,-1.523185,-1.369563,-2.394516
760.000000,-1.790463,-1.360792,-1.528083,-1.389443,-2.172479
761.000000,-2.205766,-1.608916,-1.588994,-1.450191,-2.778053
762.000000,-2.375614,-1.777383,-1.588338,-1.500622,-2.075753
763.000000,-2.457471,-1.973086,-1.598965,-1.561506,-2.228290
764.000000,-2.310014,-2.077357,-1.606143,-1.613464,-1.742411
765.000000,-2.350794,-2.244042,-1.693636,-1.677314,-2.381912
766.000000,-2.138065,-2.296579,-1.734566,-1.708563,-1.793774
767.000000,-2.008585,-2.291181,-1.756219,-1.749979,-1.493234
768.000000,-1.831709,-2.229165,-1.780498,-1.771238,-1.372951
769.000000,-1.699001,-2.084809,-1.794133,-1.766487,-1.083295
770.000000,-1.488970,-1.997233,-1.830040,-1.743406,-1.366138
771.000000,-1.348123,-1.823907,-1.843707,-1.721800,-1.131035
772.000000,-1.364532,-1.768886,-1.885047,-1.701809,-1.575056
773.000000,-1.430805,-1.707972,-1.931079,-1.685074,-1.683007
774.000000,-1.402459,-1.618065,-1.916462,-1.652118,-0.993438
775.000000,-1.326698,-1.466613,-1.900461,-1.643521,-1.016503
776.000000,-1.414856,-1.440224,-1.914522,-1.654362,-1.568451
777.000000,-1.313990,-1.391600,-1.890616,-1.642888,-1.084274
778.000000,-1.163631,-1.342662,-1.839037,-1.632677,-0.949525
779.000000,-1.222944,-1.359590,-1.780612,-1.642845,-1.277630
780.000000,-1.381653,-1.403335,-1.763070,-1.679249,-1.779930
781.000000,-1.477706,-1.494704,-1.727757,-1.722700,-2.003278
782.000000,-1.196687,-1.295239,-1.591390,-1.667444,0.397594
783.000000,-0.873467,-1.054678,-1.437099,-1.609311,0.833577
784.000000,-0.341576,-0.838733,-1.288988,-1.536309,1.414810
785.000000,0.536522,-0.551286,-1.077083,-1.449140,1.999289
786.000000,1.659145,-0.129343,-0.879064,-1.357244,2.214669
787.000000,2.129063,0.285314,-0.694831,-1.271909,2.102763
788.000000,2.395630,0.746735,-0.509418,-1.175992,1.944362
789.000000,2.498003,1.379441,-0.300139,-1.034647,2.108169
790.000000,2.373385,2.063228,-0.058870,-0.899954,1.808182
791.000000,2.216226,2.629075,0.209493,-0.706401,1.826946
792.000000,2.082241,2.657746,0.553231,-0.521095,1.711838
793.000000,1.979821,2.569657,0.951286,-0.294860,1.628650
794.000000,1.777182,2.380251,1.267062,-0.091975,1.261391
795.000000,1.694758,2.204268,1.601476,0.226063,1.475239
796.000000,1.617227,2.049614,1.947947,0.564118,1.492325
797.000000,1.519180,1.909297,2.143712,0.894212,1.281762
798.000000,1.419795,1.793135,2.242735,1.222294,1.183715
799.000000,1.371152,1.660380,2.296688,1.504667,1.065894
800.000000,1.240268,1.542098,2.318996,1.752714,0.864031
801.000000,1.119882,1.435409,2.329866,1.936707,0.918045
802.000000,1.009869,1.326594,2.177476,2.076617,0.758583
803.000000,0.963579,1.252746,2.051985,2.189625,0.969031
804.000000,0.899225,1.195666,1.914314,2.182851,0.759756
805.000000,0.843620,1.099973,1.769481,2.141526,0.589565
806.000000,0.812102,1.021167,1.652089,2.138661,0.767444
807.000000,0.815565,0.964680,1.557602,2.096880,0.766940
808.000000,0.756528,0.911363,1.477412,2.044018,0.691653
809.000000,0.751053,0.874873,1.396730,2.013470,0.728789
810.000000,0.807941,0.870865,1.339698,2.011888,0.855696
811.000000,0.749072,0.824720,1.263498,2.002449,0.353836
812.000000,0.660425,0.789720,1.190251,1.898155,0.124386
813.000000,0.579993,0.720400,1.121491,1.802245,0.078100
814.000000,0.479735,0.686659,1.080123,1.710186,0.280796
815.000000,0.215777,0.674334,1.018271,1.613354,0.036490
816.000000,0.214889,0.639735,0.956366,1.527066,0.521168
817.000000,0.220104,0.577368,0.900624,1.451252,0.020888
818.000000,0.255715,0.523583,0.850470,1.388710,0.081309
819.000000,-0.575467,0.235998,0.767881,1.295229,-2.839320
820.000000,-0.883991,-0.096346,0.729451,1.234221,-0.681330
821.000000,-2.036897,-0.550233,0.648412,1.151347,-2.457399
822.000000,-3.010989,-1.263004,0.552958,1.060384,-2.934616
823.000000,-3.574766,-2.240003,0.372631,0.952132,-3.311059
824.000000,-3.386473,-3.030059,0.165759,0.855535,-3.049760
825.000000,-3.219278,-3.127329,-0.026312,0.753200,-1.947922
826.000000,-2.888867,-3.089281,-0.323292,0.635541,-1.840960
827.000000,-2.638981,-2.997844,-0.764425,0.508941,-2.056120
828.000000,-2.226333,-2.822054,-1.284232,0.388623,-1.455978
829.000000,-1.907284,-2.553769,-1.916108,0.253703,-1.549072
830.000000,-1.792476,-2.463451,-2.419626,0.116435,-1.475080
831.000000,-1.673249,-2.286271,-2.486642,-0.053772,-1.326424
832.000000,-1.520430,-2.108864,-2.443032,-0.244813,-1.343749
833.000000,-1.472958,-1.898862,-2.358663,-0.510401,-1.272506
834.000000,-1.238740,-1.617699,-2.213749,-0.745285,-0.454222
835.000000,-0.800259,-1.327958,-1.995327,-0.913855,0.635980
836.000000,-0.640097,-1.196932,-1.935169,-1.227002,-0.533557
837.000000,-0.606101,-1.114861,-1.918775,-1.593141,-1.175830
838.000000,-0.573777,-1.086452,-1.903359,-1.877146,-1.127727
839.000000,-0.820993,-1.094442,-1.845836,-2.082680,-1.556567
840.000000,-1.340749,-1.119630,-1.861933,-2.179617,-1.661554
841.000000,-1.572823,-1.151605,-1.824508,-2.145522,-1.556782
842.000000,-1.590029,-1.148467,-1.750842,-2.079802,-1.245604
843.000000,-1.579178,-1.133490,-1.642752,-2.016601,-1.066407
844.000000,-1.266031,-1.109178,-1.482742,-1.921547,-0.046525
845.000000,-1.062355,-1.294682,-1.417716,-1.872449,-0.690014
846.000000,-0.813868,-1.312479,-1.345533,-1.833016,-0.403208
847.000000,-0.696761,-1.290221,-1.279098,-1.807751,-0.759241
848.000000,-0.479741,-1.220122,-1.219796,-1.770665,-0.084734
849.000000,-0.590972,-1.105383,-1.166161,-1.695803,-0.344082
850.000000,-0.506575,-0.961952,-1.118380,-1.675269,-0.275609
851.000000,-0.557803,-0.835379,-1.090511,-1.630707,-0.490362
852.000000,-0.204067,-0.632492,-1.021008,-1.545912,0.564379
853.000000,-0.156417,-0.463030,-0.967941,-1.448097,0.119949
854.000000,0.404831,-0.310082,-0.922598,-1.310593,1.407323
855.000000,0.969605,0.107456,-0.975863,-1.211183,1.475936
856.000000,1.804681,0.749263,-0.861128,-1.082475,2.233057
857.000000,2.207697,1.568870,-0.645603,-0.928904,2.140486
858.000000,2.593451,2.130445,-0.375385,-0.788969,2.166102
859.000000,2.546312,2.508334,0.000472,-0.638752,1.857434
860.000000,2.521639,2.706159,0.502176,-0.463255,1.957699
861.000000,2.160780,2.651599,0.959068,-0.329366,1.045662
862.000000,1.984414,2.568758,1.480929,-0.137480,1.520763
863.000000,1.833251,2.543217,1.952335,0.086289,1.572319
864.000000,1.736323,2.398765,2.172745,0.266303,1.509127
865.000000,1.668723,2.308661,2.447563,0.395585,1.752958
866.000000,1.463771,1.982015,2.374819,0.530459,0.286451
867.000000,1.119444,1.676740,2.269780,0.734312,-0.015454
868.000000,0.820779,1.425630,2.127199,0.989689,0.199038
869.000000,0.592008,1.254915,2.051072,1.351389,0.483715
870.000000,0.347861,1.097801,1.994342,1.705896,0.678378
871.000000,0.356204,1.005400,1.928107,1.927303,0.320876
872.000000,0.543712,0.916701,1.864893,2.082199,0.852565
873.000000,0.753993,0.847926,1.852308,2.168200,1.147604
874.000000,0.890464,0.777514,1.776375,2.105350,1.073662
875.000000,1.295371,0.837351,1.803177,2.201860,2.378168
876.000000,1.241648,0.824407,1.630279,2.068862,0.005339
877.000000,0.759155,0.697298,1.389113,1.895773,-1.416279
878.000000,0.462503,0.675938,1.234772,1.796852,-0.244740
879.000000,0.387243,0.728462,1.161659,1.787610,0.701259
880.000000,0.119902,0.866663,1.131674,1.831600,1.550544
881.000000,0.447490,1.028391,1.144660,1.864950,1.206237
882.000000,1.020602,1.000874,1.066473,1.814452,0.231401
883.000000,1.438836,0.998348,1.011545,1.813460,0.733641
884.000000,1.550704,1.013651,0.958487,1.762758,0.665303
885.000000,1.687999,0.912532,0.960355,1.764282,1.717194
886.000000,1.833345,1.364489,1.106376,1.723222,1.484054
887.000000,2.199672,2.198233,1.294950,1.675795,1.328471
888.000000,2.395069,2.726033,1.515173,1.644441,1.708321
889.000000,2.590567,2.890403,1.737295,1.640212,1.912323
890.000000,2.415313,2.707962,1.902273,1.612389,1.655955
891.000000,2.327257,2.598574,2.089012,1.640242,1.645474
892.000000,2.254075,2.598935,2.170708,1.629824,1.510893
893.000000,2.142860,2.525709,2.201339,1.619917,1.600640
894.000000,1.900563,2.400187,2.175502,1.588518,1.174232
895.000000,1.812198,2.240725,2.033834,1.569938,1.453581
896.000000,1.709031,2.120429,2.118337,1.647038,1.362102
897.000000,1.643204,2.036741,2.286322,1.742081,1.379002
898.000000,0.659012,1.423723,1.952989,1.570514,-2.450376
899.000000,-0.224651,0.850042,1.606958,1.399789,-2.166286
900.000000,-1.240848,0.296198,1.216397,1.216096,-2.047498
901.000000,-2.126301,-0.272132,0.872963,1.059252,-1.881044
902.000000,-2.759730,-0.886876,0.570117,0.837223,-1.951539
903.000000,-2.518265,-1.525333,0.194959,0.558839,-1.944299
904.000000,-2.334574,-2.007959,-0.181471,0.260039,-1.779014
905.000000,-2.075044,-2.300277,-0.559237,-0.123383,-1.267601
906.000000,-1.906620,-2.483494,-0.944306,-0.359887,-1.342430
907.000000,-1.732659,-2.571568,-1.308330,-0.497723,-1.313358
908.000000,-1.439787,-2.221386,-1.574606,-0.656719,-0.721238
909.000000,-1.225550,-1.982013,-1.853094,-0.957920,-0.870534
910.000000,-1.081035,-1.757320,-2.017615,-1.298996,-0.651690
911.000000,-0.908932,-1.567068,-2.120034,-1.559151,-0.589109
912.000000,-0.746504,-1.382449,-2.175540,-1.694820,-0.578028
913.000000,-0.684873,-1.188574,-2.193938,-1.799735,-0.444490
914.000000,-0.584867,-1.013297,-2.163371,-1.859518,-0.414281
915.000000,-0.485335,-0.876299,-2.122429,-1.921262,-0.194791
916.000000,-0.390845,-0.727862,-2.068660,-1.937615,-0.153053
917.000000,-0.250622,-0.560036,-1.997961,-1.898791,0.071984
918.000000,-0.105462,-0.447559,-1.720482,-1.866494,0.230011
919.000000,0.085159,-0.289780,-1.478748,-1.826421,0.465627
920.000000,0.292262,-0.124233,-1.244805,-1.747963,0.759248
921.000000,0.487372,0.031011,-1.042980,-1.695816,0.716219
922.000000,0.638180,0.190188,-0.841601,-1.653198,0.718448
923.000000,0.774673,0.347162,-0.633087,-1.628406,0.796350
924.000000,0.887285,0.525882,-0.421047,-1.579275,0.923857
925.000000,0.976216,0.708027,-0.234607,-1.553398,1.125961
926.000000,1.124752,0.922833,-0.018002,-1.533714,1.313208
927.000000,1.188296,1.074738,0.176991,-1.587533,0.810638
928.000000,1.118345,1.161199,0.307760,-1.397949,0.471486
929.000000,0.868677,1.127929,0.436465,-1.264451,-0.076551
930.000000,0.616809,1.050017,0.574205,-1.107402,0.192056
931.000000,0.200277,0.881837,0.661917,-1.006592,-0.493056
932.000000,-0.108148,0.684054,0.743569,-0.885876,-0.666535
933.000000,-0.395213,0.451232,0.787593,-0.746851,-0.902457
934.000000,-0.632974,0.173910,0.796247,-0.618884,-1.234671
935.000000,-0.876006,-0.086736,0.787852,-0.515056,-0.873218
936.000000,-1.016595,-0.392354,0.740921,-0.394803,-1.104418
937.000000,-1.027563,-0.584793,0.686703,-0.211387,-0.616275
938.000000,-0.945070,-0.728365,0.608967,-0.115265,-0.473415
939.000000,-0.811601,-0.820125,0.472088,0.024304,-0.632666
940.000000,-0.831003,-0.994372,0.254420,0.089800,-0.977544
941.000000,-0.663468,-1.002452,0.101706,0.232734,-0.353995
942.000000,-0.667929,-1.013618,-0.070495,0.362329,-0.632476
943.000000,-0.683875,-0.973824,-0.243987,0.482358,-0.539862
944.000000,-0.577031,-0.832256,-0.404377,0.682647,-0.132664
945.000000,-0.281314,-0.673206,-0.555814,0.899712,0.376679
946.000000,0.018564,-0.394212,-0.689806,1.221965,1.000387
947.000000,0.580255,-0.059705,-0.677392,1.598911,1.800666
948.000000,0.924123,0.149207,-0.696498,1.687821,1.004972
949.000000,1.173473,0.385621,-0.608190,1.658123,1.048102
950.000000,1.356013,0.697584,-0.504240,1.561664,1.287365
951.000000,1.247837,0.811098,-0.360219,1.352110,0.532098
952.000000,0.999293,0.971947,-0.138357,1.193052,0.654875
953.000000,0.954368,1.132464,0.164092,1.062465,0.788946
954.000000,0.935145,1.259433,0.548378,0.945102,0.953140
955.000000,0.907171,1.350823,0.884188,0.837184,1.171307
956.000000,1.200654,1.454473,1.333158,0.839024,1.822654
957.000000,1.535072,1.498135,1.715696,1.163572,2.085079
958.000000,1.786192,1.626412,2.007104,1.603745,1.945811
959.000000,2.028451,1.775306,2.293417,2.279798,2.208192
960.000000,2.258182,1.924142,2.566660,2.807296,2.450206
961.000000,2.309425,2.092200,2.650151,3.187448,2.257255
962.000000,2.902172,2.615763,3.035454,3.768324,4.024369
963.000000,3.184067,2.890153,3.159085,3.802196,3.341593
964.000000,3.231145,2.992016,3.132845,3.666564,2.948109
965.000000,3.112349,2.957407,3.008807,3.438935,2.462398
966.000000,2.934647,2.828850,2.832364,3.207925,1.982514
967.000000,2.507964,2.680799,2.646065,2.984989,1.685028
968.000000,2.145637,2.540269,2.502978,2.791366,1.434530
969.000000,1.810235,2.394131,2.371699,2.628073,1.226681
970.000000,1.570118,2.269788,2.267993,2.511872,1.254752
971.000000,1.400803,2.161111,2.193040,2.396230,1.149321
972.000000,1.280708,1.933537,2.126085,2.303617,1.100423
973.000000,1.187654,1.725948,2.060539,2.216650,0.983001
974.000000,1.100550,1.519952,1.991847,2.125385,0.798022
975.000000,0.995994,1.346708,1.929627,2.039235,0.741518
976.000000,0.902801,1.213794,1.866094,1.955951,0.693976
977.000000,0.822432,1.112144,1.808175,1.875345,0.716155
978.000000,0.779615,1.043366,1.763998,1.822591,0.781940
979.000000,0.759822,0.988717,1.714437,1.773482,0.700023
980.000000,0.757883,0.932869,1.664866,1.730963,0.728852
981.000000,0.753054,0.881561,1.619497,1.702869,0.662174
982.000000,0.721579,0.823577,1.496154,1.674121,0.545401
983.000000,0.683344,0.782973,1.381810,1.651913,0.590535
984.000000,0.621735,0.744313,1.261019,1.625902,0.367095
985.000000,0.589118,0.731371,1.166154,1.611816,0.578783
986.000000,0.534585,0.708548,1.086544,1.590329,0.375606
987.000000,0.326377,0.604025,0.986386,1.544600,-0.649813
988.000000,0.073481,0.485149,0.903247,1.510045,-0.706960
989.000000,-0.159767,0.371105,0.836516,1.479600,-0.743024
990.000000,-0.520367,0.243729,0.770405,1.453138,-0.683057
991.000000,-0.896666,0.135296,0.724924,1.443667,-0.240746
992.000000,-0.885956,0.019918,0.679263,1.363932,-0.094996
993.000000,-0.947198,-0.256615,0.614482,1.266308,-1.025227
994.000000,-0.990404,-0.651161,0.546386,1.154122,-1.546970
995.000000,-0.889922,-1.198108,0.491242,1.056762,-0.798509
996.000000,-0.691178,-1.472255,0.474420,0.994601,1.053387
997.000000,-0.358736,-1.050732,0.465550,0.949528,1.615858
998.000000,0.349828,-0.578984,0.430713,0.911242,1.183682
999.000000,1.485898,-0.041236,0.420909,0.891747,1.600286
1000.000000,2.369599,0.577713,0.438025,0.878185,2.203660
1001.000000,2.329793,0.990657,0.437362,0.858078,1.405226
1002.000000,2.050911,1.332245,0.439848,0.830017,0.956971
1003.000000,1.953405,1.916609,0.441618,0.813660,1.105610
1004.000000,1.844872,2.440158,0.565802,0.824088,1.364291
1005.000000,1.428915,2.464509,0.544485,0.825277,0.683437
1006.000000,1.176002,2.186122,0.558334,0.828255,0.467540
1007.000000,0.971777,1.856547,0.979328,0.821453,0.168180
1008.000000,0.900646,1.740458,1.451546,0.827919,0.826232
1009.000000,0.892331,1.663438,1.871570,0.876779,1.321013
1010.000000,1.253863,1.625496,2.277271,0.979264,2.010909
1011.000000,1.638600,1.697185,2.538998,1.133667,1.963871
1012.000000,2.012744,1.812093,2.655581,1.367608,1.895178
1013.000000,2.184075,1.892503,2.774949,1.641915,1.872734
1014.000000,2.173817,1.892534,2.791299,1.978981,1.632941
1015.000000,1.997144,1.931378,2.681110,2.159459,1.429181
1016.000000,1.837651,1.971833,2.485905,2.277455,1.373085
1017.000000,1.657614,1.994153,2.293059,2.494754,1.200789
1018.000000,1.461121,1.933536,2.151849,2.548313,1.049791
1019.000000,1.244578,1.799961,1.988000,2.479659,0.656655
1020.000000,1.091279,1.630217,1.825080,2.379323,0.705070
1021.000000,0.797341,1.402808,1.676469,2.188668,-0.058451
1022.000000,0.487972,1.173425,1.561757,2.021523,-0.237769
1023.000000,0.319414,1.006330,1.493055,1.977279,0.340853
1024.000000,0.089606,0.795537,1.378977,1.929135,-0.460805
1025.000000,-0.165120,0.609114,1.318865,1.866884,-0.436031
1026.000000,-0.281512,0.388287,1.267496,1.746413,-0.621708
1027.000000,-0.222108,0.227422,1.267323,1.652098,0.075552
1028.000000,-0.315134,0.077272,1.237699,1.589036,0.135540
1029.000000,-0.030972,0.048640,1.209645,1.537922,0.762108
1030.000000,0.278276,0.024913,1.139457,1.465223,0.868798
1031.000000,0.654869,0.159710,1.071620,1.435369,0.957111
1032.000000,1.142130,0.518424,1.063950,1.476677,2.071226
1033.000000,-0.035318,-0.231127,0.683759,1.242519,-3.561822
1034.000000,-1.256099,-0.835268,0.304797,1.014633,-2.792598
1035.000000,-2.279666,-1.412612,-0.099411,0.827241,-2.409739
1036.000000,-2.965532,-1.929304,-0.595741,0.634222,-2.312850
1037.000000,-3.352699,-2.404748,-1.145002,0.447840,-2.124715
1038.000000,-2.785418,-2.652377,-1.675862,0.223536,-1.802511
1039.000000,-2.400390,-2.769128,-2.077075,-0.044758,-1.532297
1040.000000,-2.267857,-2.895279,-2.462567,-0.513915,-2.061626
1041.000000,-2.100086,-2.877940,-2.581330,-1.025795,-1.771442
1042.000000,-1.932568,-2.846202,-2.560949,-1.536514,-1.510873
1043.000000,-1.844838,-2.482050,-2.535919,-2.021525,-1.501004
1044.000000,-1.784916,-2.226032,-2.425771,-2.349167,-1.342204
1045.000000,-1.607695,-2.035233,-2.326772,-2.524145,-1.255683
1046.000000,-1.494368,-1.881320,-2.239213,-2.591469,-1.256790
1047.000000,-1.367666,-1.727174,-2.159749,-2.530089,-0.926676
1048.000000,-1.204058,-1.597934,-2.080021,-2.422493,-0.730497
1049.000000,-1.094092,-1.516166,-2.039521,-2.311992,-0.823403
1050.000000,-1.011742,-1.386874,-2.009606,-2.224275,-0.869601
1051.000000,-0.896445,-1.272463,-1.975199,-2.108868,-0.730741
1052.000000,-0.824863,-1.171703,-1.966026,-1.999870,-0.594172
1053.000000,-0.737872,-1.041463,-1.776206,-1.915471,-0.311125
1054.000000,-0.618482,-0.923355,-1.624510,-1.822302,-0.263760
1055.000000,-0.447714,-0.794126,-1.489757,-1.740088,-0.081805
1056.000000,-0.374309,-0.696578,-1.385745,-1.686049,-0.410718
1057.000000,-0.254754,-0.601072,-1.277415,-1.639472,-0.054300
1058.000000,-0.166417,-0.512947,-1.182963,-1.597016,0.107992
1059.000000,-0.035165,-0.385614,-1.096981,-1.567729,0.366890
1060.000000,0.065623,-0.243429,-0.976756,-1.549243,0.424523
1061.000000,0.089041,-0.200407,-0.915674,-1.575385,-0.597951
1062.000000,0.141919,-0.119260,-0.851354,-1.618353,0.103628
1063.000000,0.146611,-0.073406,-0.778545,-1.516179,0.069409
1064.000000,0.004423,-0.027245,-0.710116,-1.431708,0.036707
1065.000000,-0.424895,-0.056958,-0.656928,-1.369735,-0.701229
1066.000000,-0.256491,0.010199,-0.587468,-1.305377,-0.451948
1067.000000,-0.331390,0.013635,-0.536791,-1.244102,-0.173406
1068.000000,-1.440063,-0.498151,-0.625200,-1.261973,-3.317286
1069.000000,-2.500367,-1.454342,-0.752822,-1.313830,-3.285686
1070.000000,-3.230202,-2.614129,-0.970555,-1.361854,-3.532526
1071.000000,-3.288993,-2.813313,-1.171156,-1.390649,-2.357518
1072.000000,-3.281279,-2.960088,-1.449643,-1.444818,-2.329679
1073.000000,-2.916453,-2.966592,-1.789310,-1.492334,-2.102577
1074.000000,-2.653531,-2.946310,-2.162448,-1.561485,-2.161036
1075.000000,-2.280842,-2.814113,-2.466241,-1.615250,-1.788185
1076.000000,-2.064578,-2.671777,-2.580816,-1.641464,-1.452444
1077.000000,-1.861570,-2.562559,-2.659800,-1.690185,-1.399035
1078.000000,-1.696551,-2.329944,-2.674152,-1.746659,-1.330746
1079.000000,-1.504317,-2.114286,-2.639460,-1.781142,-1.233094
1080.000000,-1.360444,-1.868321,-2.555160,-1.793860,-1.105858
1081.000000,-1.214923,-1.689232,-2.366250,-1.788373,-0.766366
1082.000000,-1.032954,-1.495566,-2.221616,-1.774321,-0.520049
1083.000000,-0.851605,-1.322440,-2.100373,-1.775840,-0.443819
1084.000000,-0.591552,-1.094185,-1.963916,-1.745517,0.042627
1085.000000,-0.311380,-0.883561,-1.822887,-1.718234,0.258238
1086.000000,-0.053297,-0.685865,-1.697188,-1.652950,0.472427
1087.000000,-0.048635,-0.597702,-1.667188,-1.688260,-0.553523
1088.000000,0.058579,-0.452806,-1.525285,-1.690431,0.032850
1089.000000,0.121806,-0.281353,-1.364495,-1.685132,0.363197
1090.000000,0.253025,-0.059110,-1.148304,-1.644331,0.969696
1091.000000,-0.661641,-0.355291,-1.259419,-1.819267,-3.264982
1092.000000,-1.336743,-0.689117,-1.345916,-1.965532,-2.751464
1093.000000,-2.140068,-1.079553,-1.445114,-2.091339,-2.615313
1094.000000,-2.889451,-1.632919,-1.572601,-2.221696,-2.788719
1095.000000,-3.263804,-2.134802,-1.693289,-2.288654,-2.381767
1096.000000,-2.934179,-2.570140,-1.830749,-2.338206,-2.256005
1097.000000,-2.706114,-2.757031,-1.950170,-2.364173,-2.043653
1098.000000,-2.506649,-2.882443,-2.055834,-2.322938,-1.935286
1099.000000,-2.236990,-2.895833,-2.127708,-2.256733,-1.680105
1100.000000,-2.060663,-2.878608,-2.192858,-2.180314,-1.681179
1101.000000,-1.961033,-2.625106,-2.283165,-2.154050,-1.847270
1102.000000,-1.894030,-2.442725,-2.354156,-2.122773,-1.772547
1103.000000,-1.803616,-2.270911,-2.379043,-2.083089,-1.561540
1104.000000,-1.726544,-2.082362,-2.386454,-2.030051,-1.383808
1105.000000,-1.646860,-1.941785,-2.380241,-1.990013,-1.342744
1106.000000,-1.513592,-1.809894,-2.358197,-1.955287,-1.216699
1107.000000,-1.366181,-1.690338,-2.281322,-1.914837,-1.065651
1108.000000,-1.271087,-1.592935,-2.233267,-1.883034,-1.104399
1109.000000,-1.196357,-1.514804,-2.188077,-1.852060,-1.026527
1110.000000,-1.126213,-1.438853,-2.155064,-1.826827,-1.004937
1111.000000,-1.030488,-1.322341,-1.997947,-1.798498,-0.753792
1112.000000,-0.948334,-1.205545,-1.867494,-1.775317,-0.661631
1113.000000,-0.835021,-1.099464,-1.746431,-1.750890,-0.544016
1114.000000,-0.743190,-1.016546,-1.628073,-1.743938,-0.576513
1115.000000,-0.639601,-0.931682,-1.528198,-1.740365,-0.508127
1116.000000,-0.565094,-0.848667,-1.431895,-1.738795,-0.376688
1117.000000,-0.530586,-0.792411,-1.354740,-1.722326,-0.501446
1118.000000,-0.452013,-0.697329,-1.267685,-1.707926,-0.081695
1119.000000,-0.337533,-0.600613,-1.193602,-1.701822,0.073171
1120.000000,-0.228110,-0.503128,-1.125643,-1.713176,0.176094
1121.000000,-0.121640,-0.428393,-1.044217,-1.639570,0.241867
1122.000000,0.129959,-0.343447,-0.957283,-1.573026,0.647376
1123.000000,0.333168,-0.258935,-0.877995,-1.507724,0.837790
1124.000000,0.411701,-0.174864,-0.816378,-1.438242,0.035313
1125.000000,0.565383,-0.045709,-0.741841,-1.371113,0.787363
1126.000000,0.896319,0.141790,-0.658008,-1.296419,1.585614
1127.000000,1.427973,0.561071,-0.556657,-1.213284,2.648141
1128.000000,1.759950,0.971437,-0.443063,-1.135200,2.036284
1129.000000,2.017593,1.330004,-0.335301,-1.075514,1.218088
1130.000000,2.165978,1.642140,-0.190899,-1.004721,1.671494
1131.000000,2.014974,1.806928,-0.059372,-0.920371,1.240382
1132.000000,1.568289,1.767828,0.079810,-0.835289,0.810767
1133.000000,1.311154,1.714820,0.249666,-0.750531,0.998173
1134.000000,1.392624,1.826504,0.523447,-0.656257,1.645862
1135.000000,1.077678,1.679363,0.782463,-0.577317,0.174051
1136.000000,0.824106,1.470342,1.043765,-0.499487,0.012561
1137.000000,0.737278,1.204184,1.392816,-0.416357,0.364762
1138.000000,0.630717,1.022935,1.560479,-0.306393,0.490401
1139.000000,0.491351,1.017468,1.622661,-0.164154,1.193982
1140.000000,0.609962,0.904895,1.572805,-0.001587,0.641440
1141.000000,0.912403,0.898815,1.554899,0.176072,1.236500
1142.000000,1.437952,1.082426,1.584475,0.430031,2.372451
1143.000000,1.826344,1.206721,1.591174,0.723873,1.893252
1144.000000,2.113910,1.301644,1.679577,1.127620,2.267396
1145.000000,2.460143,1.635556,1.731278,1.563068,2.272769
1146.000000,2.517171,1.926442,1.721354,1.880517,1.861235
1147.000000,2.384973,2.169765,1.662195,2.106555,1.959231
1148.000000,2.470457,2.420945,1.688165,2.157726,2.444314
1149.000000,0.951628,1.624709,1.329308,1.760511,-3.322997
1150.000000,-0.515865,0.996304,0.981467,1.459697,-2.565854
1151.000000,-1.678438,0.403575,0.709518,1.243667,-1.870948
1152.000000,-2.517081,-0.366638,0.469757,1.045800,-1.608481
1153.000000,-3.013484,-1.070677,0.218910,0.880861,-1.318351
1154.000000,-2.366852,-1.831067,-0.134915,0.764789,-1.282855
1155.000000,-1.892139,-2.380771,-0.342509,0.644674,-0.969052
1156.000000,-1.631496,-2.686870,-0.579012,0.471441,-1.002164
1157.000000,-1.497937,-2.841201,-0.929722,0.179815,-1.200012
1158.000000,-1.426065,-2.918202,-1.292921,-0.107845,-1.140340
1159.000000,-1.340529,-2.372372,-1.674510,-0.356351,-1.015922
1160.000000,-1.441102,-2.089189,-2.008526,-0.751721,-1.427824
1161.000000,-1.497769,-1.921964,-2.261325,-1.127480,-1.303309
1162.000000,-1.439139,-1.771588,-2.446069,-1.420954,-1.034360
1163.000000,-1.430434,-1.698933,-2.534395,-1.726301,-1.168687
1164.000000,-1.436276,-1.635407,-2.573070,-2.009823,-1.112338
1165.000000,-1.419868,-1.660028,-2.609364,-2.152461,-1.393914
1166.000000,-1.412373,-1.667226,-2.580761,-2.219452,-1.316323
1167.000000,-1.481118,-1.661564,-2.550212,-2.277622,-1.391207
1168.000000,-1.418905,-1.604300,-2.496491,-2.248647,-0.971492
1169.000000,-1.390989,-1.578060,-2.199440,-2.243730,-1.050941
1170.000000,-1.307453,-1.509683,-1.995988,-2.202181,-1.052020
1171.000000,-1.249262,-1.463369,-1.867553,-2.179407,-1.073836
1172.000000,-1.148885,-1.435488,-1.763664,-2.176155,-0.952339
1173.000000,-1.085706,-1.364025,-1.671106,-2.132389,-0.675044
1174.000000,-0.933595,-1.265135,-1.571994,-2.082952,-0.307426
1175.000000,-0.710028,-1.106687,-1.484812,-2.026897,0.073251
1176.000000,-0.456858,-0.962069,-1.408413,-1.975334,0.135961
1177.000000,-0.286026,-0.848334,-1.353216,-1.963472,-0.297002
1178.000000,-0.040852,-0.751624,-1.287793,-1.960956,0.533047
1179.000000,0.143914,-0.626921,-1.233026,-1.770798,0.390602
1180.000000,0.037585,-0.530349,-1.172569,-1.639861,-0.512050
1181.000000,-0.012847,-0.364804,-1.103495,-1.536226,0.034380
1182.000000,0.204287,-0.153012,-1.042705,-1.443192,0.424580
1183.000000,0.151667,0.032366,-0.973638,-1.373214,0.328361
1184.000000,0.122338,0.152359,-0.907885,-1.313501,0.277999
1185.000000,0.522377,0.292166,-0.785144,-1.256242,1.257588
1186.000000,0.884390,0.481542,-0.649788,-1.195182,1.596997
1187.000000,1.201109,0.814548,-0.482037,-1.120364,1.694806
1188.000000,1.532300,0.961863,-0.340489,-1.049332,1.614800
1189.000000,1.812682,1.120693,-0.166736,-0.990867,1.415203
1190.000000,1.996667,1.534979,0.099601,-0.876402,2.135656
1191.000000,1.938839,1.755854,0.418010,-0.776400,1.547696
1192.000000,1.827180,1.868388,0.797238,-0.693661,1.370784
1193.000000,1.705225,1.934522,1.205088,-0.593371,1.207214
1194.000000,1.607521,1.957269,1.575655,-0.487293,1.068420
1195.000000,1.563593,1.970058,1.916554,-0.284761,1.916804
1196.000000,1.836106,2.066038,2.232993,0.014235,2.679806
1197.000000,2.139079,2.150178,2.456458,0.420338,2.690344
1198.000000,2.355955,2.193588,2.456903,0.848859,2.349934
1199.000000,2.536469,2.246154,2.448593,1.379133,2.263969
1200.000000,2.493019,2.196897,2.448268,1.917989,1.973945
1201.000000,2.271281,2.161380,2.373410,2.338191,1.654776
1202.000000,2.124569,2.189548,2.318473,2.584412,1.957351
1203.000000,1.953456,2.178262,2.243441,2.597457,1.522873
1204.000000,1.775213,2.167679,2.178398,2.497775,1.413642
1205.000000,1.658896,2.098433,2.098624,2.365357,1.445208
1206.000000,1.583641,1.958060,2.019950,2.245237,1.325823
1207.000000,1.417687,1.802578,1.943784,2.167258,1.161360
1208.000000,1.373621,1.695127,1.894874,2.089406,1.315230
1209.000000,1.405738,1.622684,1.879933,2.043049,1.571332
1210.000000,1.435156,1.581045,1.845496,2.028224,1.595798
1211.000000,1.424554,1.538080,1.815427,1.982343,1.278100
1212.000000,1.480714,1.483501,1.806880,1.942548,1.445855
1213.000000,1.712066,1.579854,1.864956,1.961958,2.390290
1214.000000,1.781191,1.628432,1.893881,1.956375,1.878143
1215.000000,1.778647,1.641300,1.874529,1.921690,1.573875
1216.000000,1.760346,1.627628,1.804553,1.873145,1.200265
1217.000000,1.677234,1.612399,1.723559,1.823975,1.019013
1218.000000,1.433998,1.602751,1.666781,1.792068,1.194614
1219.000000,1.237571,1.542017,1.599111,1.760261,0.912026
1220.000000,1.169333,1.513903,1.563695,1.730537,1.262187
1221.000000,1.252883,1.553300,1.561979,1.728697,1.608182
1222.000000,1.367043,1.569617,1.541542,1.730635,1.548453
1223.000000,1.435361,1.472583,1.539815,1.735608,1.503521
1224.000000,1.575853,1.432172,1.545077,1.745771,1.553500
1225.000000,1.690099,1.446465,1.559542,1.743136,1.775180
1226.000000,1.603950,1.451601,1.555467,1.701079,1.144515
1227.000000,1.537287,1.486920,1.563730,1.657980,1.233758
1228.000000,1.496115,1.509568,1.568704,1.625596,1.336795
1229.000000,1.605443,1.639352,1.592669,1.615945,2.052315
1230.000000,1.657808,1.720490,1.612856,1.613651,1.977557
1231.000000,1.790601,1.737523,1.642544,1.616476,1.791759
1232.000000,1.902614,1.763478,1.664135,1.609500,1.820139
1233.000000,1.959210,1.779369,1.619982,1.613714,1.697657
1234.000000,1.871268,1.784976,1.604326,1.620470,1.647346
1235.000000,1.727021,1.729409,1.588623,1.614895,1.286434
1236.000000,1.612489,1.730485,1.594267,1.613190,1.226092
1237.000000,1.481289,1.719308,1.608772,1.616188,1.162019
1238.000000,1.420150,1.724559,1.624467,1.621973,1.404093
1239.000000,1.351926,1.653459,1.652551,1.616152,1.330814
1240.000000,1.438418,1.623299,1.676941,1.620478,1.687317
1241.000000,1.524339,1.604119,1.675821,1.634824,1.605886
1242.000000,1.511777,1.528077,1.651466,1.626115,1.045200
1243.000000,1.515733,1.497711,1.646312,1.586569,1.454756
1244.000000,1.519167,1.463735,1.635059,1.565487,1.391527
1245.000000,-1234.000000,-1234.000000,-1234.000000,-1234.000000,-1234.000000
