0.000000,5.385165,5.385165,5.385165,5.385165,1.921783
1.000000,3.778834,3.752889,3.751424,3.750861,1.860924
2.000000,3.067547,3.019145,3.015617,3.016805,1.691021
3.000000,2.634075,2.576406,2.571133,2.571985,1.601099
4.000000,2.326376,2.273204,2.260254,2.263292,1.579120
5.000000,2.074275,2.046777,2.023330,2.030894,1.586313
6.000000,1.874692,1.870072,1.835477,1.847409,1.477325
7.000000,1.711953,1.727996,1.679095,1.696336,1.337682
8.000000,1.573882,1.604972,1.547871,1.567112,1.180268
9.000000,1.457757,1.496239,1.435744,1.456477,1.344930
10.000000,1.352188,1.388634,1.337393,1.359027,1.149986
11.000000,1.265130,1.295712,1.252831,1.272511,1.501202
12.000000,1.191410,1.214607,1.177777,1.194972,1.642843
13.000000,1.130000,1.143174,1.110956,1.125744,1.832403
14.000000,1.071156,1.077694,1.050995,1.060615,1.764447
15.000000,1.031088,1.022553,0.998572,0.999933,2.273632
16.000000,0.993430,0.974490,0.952299,0.944033,2.300528
17.000000,0.963446,0.934631,0.912854,0.891821,2.403084
18.000000,0.926930,0.895957,0.873501,0.842500,1.977399
19.000000,0.882615,0.853230,0.831639,0.794182,1.461030
20.000000,0.823118,0.811803,0.784660,0.747765,1.191476
21.000000,0.761552,0.770208,0.739903,0.704762,1.185933
22.000000,0.692349,0.729086,0.697616,0.663920,1.128429
23.000000,0.638370,0.692387,0.659833,0.626956,1.357360
24.000000,0.592022,0.655464,0.622955,0.592439,1.130893
25.000000,0.556742,0.615071,0.589663,0.561590,1.162344
26.000000,0.531440,0.579287,0.564619,0.539030,1.326204
27.000000,0.518407,0.546911,0.554488,0.532524,1.321190
28.000000,0.525433,0.553263,0.593567,0.572611,1.267831
29.000000,1.358860,1.335253,1.750768,1.897731,1.510331
30.000000,1.478524,1.382572,1.757800,1.873235,1.737428
31.000000,1.469616,1.391921,1.727519,1.833835,1.279718
32.000000,1.510648,1.434332,1.705981,1.811621,1.534002
33.000000,1.466702,1.405178,1.655447,1.775489,1.056634
34.000000,1.249875,1.343062,1.581283,1.719651,0.392762
35.000000,1.279426,1.419702,1.554649,1.718970,1.865274
36.000000,1.405093,1.476580,1.523608,1.720961,1.841391
37.000000,1.496879,1.545064,1.488176,1.729862,1.917919
38.000000,1.737858,1.644185,1.486457,1.750782,2.124937
39.000000,2.062343,1.702795,1.511561,1.761270,1.990906
40.000000,2.017221,1.700358,1.538877,1.763865,1.653799
41.000000,1.995588,1.756609,1.572573,1.759311,1.728931
42.000000,1.915189,1.763437,1.601264,1.743679,1.506149
43.000000,1.794328,1.825701,1.618317,1.724452,1.538750
44.000000,1.771603,1.985932,1.669250,1.718967,1.888221
45.000000,1.862674,2.007668,1.728816,1.705327,2.072150
46.000000,1.958777,2.041027,1.783382,1.694921,2.176987
47.000000,2.046931,2.038107,1.824082,1.673791,2.007212
48.000000,2.084609,1.992510,1.854375,1.663932,1.865289
49.000000,2.048567,1.956027,1.865788,1.674643,1.808387
50.000000,2.006411,1.968401,1.872254,1.702541,1.908267
51.000000,1.844384,1.914604,1.869070,1.709869,1.415865
52.000000,1.812833,1.935132,1.881739,1.738739,1.849492
53.000000,1.822216,1.957522,1.919211,1.760397,1.904270
54.000000,1.736704,1.894568,1.947264,1.767786,1.399183
55.000000,1.690971,1.851831,1.926170,1.785167,1.676164
56.000000,1.691706,1.775501,1.892188,1.783902,1.435883
57.000000,1.620450,1.723433,1.860381,1.784672,1.493956
58.000000,1.560501,1.698215,1.828084,1.791548,1.608636
59.000000,1.532204,1.642703,1.782737,1.775708,1.260368
60.000000,1.339439,1.523626,1.724465,1.732042,0.706330
61.000000,1.171480,1.444392,1.661797,1.700855,0.560842
62.000000,0.821605,1.244861,1.571366,1.634796,-0.324637
63.000000,0.400651,1.027448,1.484071,1.586391,-0.490232
64.000000,-0.013243,0.848416,1.385539,1.559201,-0.774496
65.000000,-0.267780,0.656666,1.298398,1.505588,-0.405524
66.000000,-0.608207,0.433921,1.186044,1.442376,-0.922788
67.000000,-0.579232,0.254019,1.113864,1.404135,-0.061046
68.000000,-0.550790,0.007566,1.035052,1.352678,-0.321445
69.000000,-0.528447,-0.253306,0.939491,1.296070,-0.695007
70.000000,-0.871751,-0.589921,0.774733,1.217004,-1.932522
71.000000,-0.877983,-0.822885,0.678397,1.167624,-0.912229
72.000000,-1.434559,-1.115595,0.457459,1.077834,-2.372422
73.000000,-1.833468,-1.361141,0.209849,0.995039,-2.012420
74.000000,-2.077118,-1.544207,-0.031756,0.896168,-1.871807
75.000000,-1.998978,-1.734489,-0.342569,0.782798,-1.687703
76.000000,-2.005867,-1.766420,-0.651312,0.664874,-1.264516
77.000000,-1.664459,-1.821298,-0.979966,0.554144,-0.885447
78.000000,-1.293933,-1.750717,-1.293673,0.463945,-0.304251
79.000000,-0.983173,-1.656647,-1.569813,0.349232,-0.395371
80.000000,-0.516364,-1.339377,-1.651335,0.260752,0.497062
81.000000,-0.176954,-1.177593,-1.701147,0.180712,0.296782
82.000000,0.050578,-0.893710,-1.628514,0.007636,0.144420
83.000000,0.165144,-0.644227,-1.514755,-0.231358,0.211737
84.000000,0.502701,-0.292657,-1.288925,-0.354953,1.130668
85.000000,1.350507,0.463967,-0.785610,-0.083909,3.534463
86.000000,2.114194,1.158471,-0.260721,0.330225,2.935271
87.000000,2.798808,1.853798,0.281725,1.058394,3.007300
88.000000,3.146635,2.367861,0.872076,1.899330,2.773797
89.000000,3.194360,2.732972,1.496745,2.716542,2.638201
90.000000,2.879627,2.831034,2.089002,3.193233,2.330769
91.000000,2.704778,2.879145,2.482892,3.369700,2.325106
92.000000,2.486265,2.841723,2.756351,3.386841,2.070939
93.000000,2.284952,2.755297,2.840053,3.278227,1.863278
94.000000,2.070172,2.610754,2.810115,3.120262,1.610196
95.000000,1.873393,2.360819,2.722011,2.932206,1.377943
96.000000,1.621867,2.144497,2.587834,2.758577,1.062709
97.000000,1.385118,1.928887,2.447924,2.572492,0.880722
98.000000,1.192595,1.748898,2.320822,2.439192,0.895849
99.000000,1.046997,1.585150,2.219452,2.339821,0.885823
100.000000,0.963479,1.458207,2.121078,2.293129,0.968733
101.000000,0.891656,1.302396,2.024952,2.201395,0.712686
102.000000,0.843814,1.161144,1.944583,2.150349,0.643363
103.000000,0.742899,1.011913,1.860688,2.079247,0.381378
104.000000,0.650399,0.890598,1.777408,2.021572,0.418684
105.000000,0.526940,0.787585,1.646390,1.968425,0.370673
106.000000,0.456785,0.718593,1.538914,1.917336,0.377618
107.000000,0.365146,0.654013,1.422010,1.859574,0.194744
108.000000,0.326638,0.584324,1.313303,1.800840,0.170780
109.000000,0.272817,0.511480,1.207047,1.754745,0.149789
110.000000,0.178964,0.400886,1.101182,1.692991,-0.116945
111.000000,0.025599,0.296459,0.980047,1.638509,-0.399743
112.000000,-0.090970,0.195894,0.869054,1.601200,-0.394900
113.000000,-0.292690,0.097800,0.753328,1.566085,-0.907334
114.000000,-0.485032,0.002261,0.658834,1.535233,-0.648331
115.000000,-0.593650,-0.087139,0.579731,1.460579,-0.301653
116.000000,-0.786747,-0.263747,0.498929,1.383125,-1.185829
117.000000,-1.307821,-0.573810,0.385828,1.271591,-2.406761
118.000000,-1.635436,-0.982162,0.246196,1.156742,-2.258454
119.000000,-1.967493,-1.456625,0.070850,1.030182,-2.181044
120.000000,-2.181149,-1.787372,-0.145463,0.910030,-1.741423
121.000000,-2.145024,-1.882444,-0.360448,0.776608,-1.392339
122.000000,-1.736495,-1.774429,-0.555700,0.662374,-0.416250
123.000000,-1.393112,-1.618748,-0.741104,0.539116,-0.480956
124.000000,-0.980673,-1.526162,-0.932732,0.423903,-0.137540
125.000000,-0.676415,-1.518572,-1.129546,0.302787,-0.393801
126.000000,-0.401998,-1.440998,-1.300985,0.197733,-0.300700
127.000000,-0.304540,-1.201971,-1.374640,0.105102,0.034653
128.000000,-0.172755,-0.953409,-1.401847,-0.009710,0.072209
129.000000,-0.190890,-0.706187,-1.410200,-0.161659,-0.209856
130.000000,-0.273755,-0.553468,-1.392613,-0.386275,-0.809158
131.000000,-0.313853,-0.404816,-1.320716,-0.597830,-0.482467
132.000000,-0.420435,-0.402825,-1.263797,-0.821721,-0.348680
133.000000,-0.457061,-0.342947,-1.171598,-0.990954,0.030343
134.000000,-0.330431,-0.294579,-1.123888,-1.144932,0.371485
135.000000,0.009826,-0.177708,-1.104154,-1.252378,0.514977
136.000000,0.432176,0.018291,-1.008440,-1.291235,1.133432
137.000000,0.919463,0.230603,-0.787763,-1.243860,1.458646
138.000000,1.431472,0.548144,-0.509453,-1.152735,1.874138
139.000000,1.793078,0.950214,-0.180682,-1.060188,1.731477
140.000000,2.103541,1.509157,0.192246,-0.919304,1.868869
141.000000,2.300035,2.027632,0.641695,-0.722131,2.196068
142.000000,2.272162,2.314150,0.970980,-0.566483,1.728850
143.000000,1.910545,2.263498,1.191878,-0.451362,0.626729
144.000000,1.621339,2.160998,1.355768,-0.385533,0.581096
145.000000,1.434961,2.127767,1.608098,-0.308462,1.050815
146.000000,1.324225,2.118641,1.910926,-0.077981,1.668532
147.000000,1.199255,2.000137,2.036683,0.322202,1.251229
148.000000,1.351962,1.876993,2.106980,0.870505,1.451686
149.000000,1.354276,1.695772,2.063644,1.438485,0.706858
150.000000,1.202882,1.474259,2.012181,1.897646,0.230470
151.000000,0.946204,1.242476,1.950384,2.196588,0.402743
152.000000,0.259800,0.824663,1.716755,1.994826,-1.983666
153.000000,-0.555543,0.559812,1.506907,1.798410,-1.759532
154.000000,-1.272759,0.244640,1.272879,1.522483,-1.998930
155.000000,-1.827961,-0.188323,1.038228,1.279018,-2.025748
156.000000,-2.335271,-0.833959,0.742930,0.999058,-2.201463
157.000000,-2.322283,-1.447394,0.410931,0.676983,-2.147984
158.000000,-2.297942,-1.991786,0.042087,0.367554,-1.941098
159.000000,-2.113984,-2.208590,-0.274604,0.167508,-1.398376
160.000000,-1.976762,-2.311166,-0.648830,0.000749,-1.508999
161.000000,-1.708672,-2.302584,-1.012938,-0.120568,-0.993519
162.000000,-1.481217,-2.115273,-1.355298,-0.279750,-1.076136
163.000000,-1.279356,-1.966526,-1.562667,-0.473050,-0.995321
164.000000,-1.336485,-1.901821,-1.841124,-0.845263,-1.644181
165.000000,-1.351244,-1.828673,-2.112650,-1.231847,-1.558801
166.000000,-1.407693,-1.709623,-2.330525,-1.614103,-1.306625
167.000000,-1.487848,-1.624781,-2.437392,-2.012258,-1.499473
168.000000,-1.554295,-1.547661,-2.469322,-2.323563,-1.397599
169.000000,-1.468714,-1.509855,-2.400579,-2.485809,-1.260549
170.000000,-1.348964,-1.433909,-2.285936,-2.533016,-0.995091
171.000000,-1.279343,-1.410707,-2.194396,-2.548767,-0.972374
172.000000,-1.143772,-1.369897,-2.021990,-2.489005,-0.829086
173.000000,-0.992824,-1.325690,-1.879270,-2.350881,-0.660292
174.000000,-0.885362,-1.231664,-1.754946,-2.244142,-0.755260
175.000000,-0.681082,-1.073501,-1.599464,-2.122052,0.029893
176.000000,-0.429650,-0.924416,-1.440578,-2.041035,0.304175
177.000000,-0.092527,-0.700971,-1.268174,-1.927708,0.906420
178.000000,0.384811,-0.410419,-1.080936,-1.813828,1.768332
179.000000,0.881975,-0.147381,-0.953176,-1.716113,1.377412
180.000000,1.238482,0.110400,-0.825976,-1.625933,1.384151
181.000000,1.610817,0.424573,-0.726390,-1.556956,1.653192
182.000000,1.808515,0.771348,-0.616767,-1.417063,1.608569
183.000000,1.777612,1.170599,-0.495831,-1.287139,1.730826
184.000000,1.789854,1.620201,-0.311013,-1.152939,1.580619
185.000000,1.887295,1.972184,-0.068744,-0.990766,1.988672
186.000000,1.853424,2.141208,0.173835,-0.823415,1.626378
187.000000,1.845836,2.153524,0.496859,-0.632606,1.696559
188.000000,1.732612,1.979284,0.826440,-0.454407,1.296019
189.000000,1.614161,1.854451,1.157634,-0.306846,1.088002
190.000000,1.354589,1.713174,1.426437,-0.155828,0.746482
191.000000,1.221821,1.613062,1.690049,-0.008116,0.989319
192.000000,1.059321,1.519380,1.877280,0.166755,0.918909
193.000000,0.865248,1.360999,1.946489,0.318308,0.375702
194.000000,0.641715,1.187848,1.952239,0.544915,0.012851
195.000000,0.551470,1.011969,1.876789,0.841409,0.309957
196.000000,0.502687,0.922933,1.809505,1.198570,0.779167
197.000000,0.547611,0.864745,1.730232,1.641454,1.193839
198.000000,0.555413,0.763873,1.559543,1.928050,0.373571
199.000000,0.757459,0.738882,1.479378,2.150720,0.942732
200.000000,1.022412,0.811216,1.452092,2.279307,1.563243
201.000000,1.311153,0.912021,1.459351,2.353253,2.111125
202.000000,1.432819,0.987872,1.446870,2.327663,1.681652
203.000000,1.861747,1.198242,1.455125,2.296831,2.146016
204.000000,2.167171,1.480997,1.473501,2.265248,2.200428
205.000000,2.343519,1.757051,1.474200,2.185243,2.267028
206.000000,2.351654,1.978287,1.495510,2.107864,2.137024
207.000000,2.431435,2.143242,1.516635,2.026498,2.147616
208.000000,2.325628,2.353757,1.556601,1.928903,1.957614
209.000000,2.189785,2.415739,1.604100,1.871308,1.765076
210.000000,2.048767,2.374674,1.675249,1.832292,1.708997
211.000000,1.916053,2.251244,1.723888,1.798364,1.566897
212.000000,1.921612,2.257395,1.825743,1.800564,2.147949
213.000000,1.982048,2.229205,1.977583,1.808462,2.214610
214.000000,2.075174,2.211249,2.140411,1.827235,2.217402
215.000000,2.006963,2.097521,2.194778,1.792346,1.516718
216.000000,1.960145,2.003054,2.199393,1.771436,1.474261
217.000000,1.981668,2.010873,2.228379,1.789698,2.189768
218.000000,1.911804,1.989228,2.258497,1.804805,1.854680
219.000000,1.741963,1.926658,2.211020,1.801589,1.397789
220.000000,1.686364,1.863382,2.134066,1.806702,1.296000
221.000000,1.737329,1.869947,2.079113,1.829654,1.747117
222.000000,1.609311,1.807356,2.032816,1.843170,1.539598
223.000000,1.562627,1.749760,1.982847,1.881903,1.621558
224.000000,1.646551,1.712093,1.953511,1.938109,1.823683
225.000000,1.761740,1.742556,1.928757,1.979082,1.891915
226.000000,1.739485,1.750627,1.893864,1.986512,1.646985
227.000000,1.741490,1.685128,1.854915,1.973766,1.550986
228.000000,1.762005,1.669370,1.835353,1.990885,1.724511
229.000000,1.740130,1.698772,1.823064,1.988470,1.719720
230.000000,1.653585,1.713317,1.799815,1.959369,1.468400
231.000000,1.492670,1.623410,1.750382,1.893682,0.825488
232.000000,1.267655,1.518100,1.663518,1.828071,0.359367
233.000000,0.915757,1.367725,1.559159,1.745049,-0.098909
234.000000,0.518461,1.184317,1.453460,1.667548,-0.248830
235.000000,0.136653,0.982219,1.381696,1.594399,-0.318768
236.000000,-0.188672,0.767394,1.302774,1.519583,-0.680746
237.000000,-0.394449,0.560219,1.195159,1.453987,-0.556876
238.000000,-0.561072,0.284445,1.091729,1.389180,-0.861946
239.000000,-0.582096,0.038530,1.039134,1.350809,-0.267499
240.000000,-0.581917,-0.195833,0.995390,1.318246,-0.233198
241.000000,-0.462666,-0.344196,0.927776,1.297099,-0.077977
242.000000,-0.476452,-0.487957,0.847191,1.245455,-0.635187
243.000000,-0.252673,-0.495416,0.783437,1.207988,0.109947
244.000000,-0.185233,-0.483723,0.690582,1.164002,0.039038
245.000000,0.038665,-0.375758,0.613365,1.167082,0.774310
246.000000,0.339805,-0.133535,0.572361,1.187493,1.244137
247.000000,0.833460,0.150978,0.545103,1.178730,1.426591
248.000000,1.120067,0.510950,0.488005,1.182194,1.320114
249.000000,1.434873,0.804223,0.430630,1.219049,1.429645
250.000000,1.520454,1.066767,0.382638,1.262412,1.240107
251.000000,1.608359,1.364916,0.483482,1.300742,1.697066
252.000000,1.561901,1.646955,0.659891,1.342989,1.296280
253.000000,1.585108,1.813836,1.026023,1.394725,1.496360
254.000000,1.561099,1.935112,1.519622,1.425209,1.399213
255.000000,1.587207,1.944726,2.115175,1.446439,1.442977
256.000000,1.512271,1.893893,2.720251,1.482532,1.386749
257.000000,1.498883,1.817647,3.040569,1.516594,1.290560
258.000000,1.423036,1.745474,3.110265,1.507732,1.170866
259.000000,1.366899,1.672254,2.945504,1.478181,1.158399
260.000000,1.433623,1.707405,2.844780,1.515974,1.738191
261.000000,1.478730,1.678428,2.714854,1.609132,1.610677
262.000000,1.483445,1.658297,2.619634,1.717996,1.382807
263.000000,1.468936,1.594025,2.470653,1.838927,1.212844
264.000000,1.459509,1.539386,2.356445,1.948644,1.205876
265.000000,1.301919,1.456427,2.203298,2.016388,0.965845
266.000000,1.085718,1.336933,2.023054,2.053944,0.507422
267.000000,0.671949,1.112035,1.779431,1.974719,-0.818925
268.000000,0.215828,0.890493,1.564796,1.908717,-1.169882
269.000000,-0.301173,0.675103,1.369481,1.807868,-1.236435
270.000000,-0.862685,0.366613,1.190049,1.701775,-1.468526
271.000000,-1.303172,0.056029,1.006118,1.606129,-1.310499
272.000000,-1.482190,-0.289617,0.839998,1.541129,-1.565612
273.000000,-1.559398,-0.653926,0.666390,1.448954,-1.484104
274.000000,-1.615007,-1.064618,0.497344,1.373187,-1.460520
275.000000,-1.661097,-1.499270,0.297511,1.239969,-1.689076
276.000000,-1.682933,-1.815072,0.095916,1.089367,-1.479199
277.000000,-1.535657,-1.832518,-0.082377,0.959444,-0.987541
278.000000,-1.523456,-1.844858,-0.315645,0.783850,-1.486050
279.000000,-1.307805,-1.706572,-0.490956,0.670636,-0.506759
280.000000,-0.901981,-1.455106,-0.689897,0.628684,0.227550
281.000000,-0.410896,-1.161787,-0.847240,0.598340,0.829146
282.000000,-0.009639,-0.852976,-0.991676,0.601897,0.866757
283.000000,0.499352,-0.568802,-1.121189,0.575359,0.818725
284.000000,0.616107,-0.397308,-1.332437,0.459391,0.030418
285.000000,0.515770,-0.228530,-1.513424,0.286606,-0.233642
286.000000,0.423538,0.006327,-1.518642,0.175909,0.404608
287.000000,0.278222,0.159205,-1.367482,0.026506,0.213730
288.000000,0.245564,0.446835,-1.132509,-0.060597,0.685228
289.000000,0.654698,0.758801,-0.773250,0.045868,1.766022
290.000000,1.348837,1.111959,-0.273495,0.278975,2.561184
291.000000,1.905774,1.416080,0.250413,0.730146,2.598640
292.000000,2.253936,1.608917,0.719998,1.224133,1.972211
293.000000,2.472254,1.821975,1.215942,2.003988,2.102513
294.000000,2.386284,2.028005,1.630174,2.472207,1.711036
295.000000,2.182952,2.213722,2.029543,2.782541,1.723023
296.000000,1.915558,2.241577,2.284997,2.888731,1.415523
297.000000,1.761169,2.246074,2.401277,3.114254,1.350767
298.000000,1.500758,2.144030,2.436761,3.087192,0.936162
299.000000,1.295593,1.955387,2.350073,2.974937,0.764420
300.000000,1.038839,1.695291,2.194400,2.830446,0.477860
301.000000,0.835957,1.445267,2.025382,2.681518,0.418998
302.000000,0.654839,1.277275,1.889621,2.581345,0.487839
303.000000,0.645196,1.145467,1.812214,2.533289,0.912283
304.000000,0.606257,1.022890,1.759971,2.440256,0.580147
305.000000,0.701258,0.933814,1.750409,2.404545,0.931016
306.000000,0.816124,0.879028,1.712270,2.354993,0.943195
307.000000,0.846646,0.791560,1.666553,2.257545,0.559821
308.000000,0.779496,0.753781,1.609426,2.204161,0.558502
309.000000,0.634243,0.663561,1.476184,2.071288,-0.311903
310.000000,0.364412,0.603619,1.314278,1.930875,-0.373313
311.000000,0.051277,0.545565,1.151327,1.790344,-0.387529
312.000000,-0.046841,0.533047,1.054260,1.698027,0.253666
313.000000,0.113178,0.566414,0.994750,1.667786,1.345837
314.000000,0.290389,0.559309,0.919960,1.639303,0.418987
315.000000,0.374129,0.432233,0.820429,1.610793,-0.142281
316.000000,0.123790,0.099775,0.675182,1.514626,-1.789855
317.000000,-0.328740,-0.206936,0.529214,1.448408,-1.714294
318.000000,-1.216533,-0.529314,0.427500,1.389437,-1.299423
319.000000,-1.596300,-0.554978,0.385449,1.325527,-0.054057
320.000000,-1.929315,-0.746080,0.312871,1.189781,-1.123119
321.000000,-1.605551,-0.967243,0.225840,1.038284,-1.184539
322.000000,-1.202458,-1.279682,0.142960,0.934338,-0.582385
323.000000,-0.826069,-1.756621,0.005789,0.828730,0.072527
324.000000,-0.334273,-1.482263,0.050044,0.800390,1.803771
325.000000,0.710339,-0.958668,0.074603,0.777868,2.098554
326.000000,1.765153,-0.075785,0.089663,0.772619,1.819678
327.000000,2.770285,1.028377,0.387171,0.816393,2.563941
328.000000,2.590806,1.467037,0.323449,0.787809,0.259660
329.000000,1.763505,1.361309,0.278717,0.715706,-0.755203
330.000000,0.600155,1.173060,0.007529,0.602131,-1.714598
331.000000,-0.416592,1.020730,-0.238979,0.494138,-1.425744
332.000000,-1.655029,0.690436,-0.709195,0.346072,-1.371925
333.000000,-1.414310,0.959985,-0.929465,0.313469,0.790665
334.000000,-0.854297,0.829243,-0.779214,0.376201,0.955174
335.000000,0.138541,0.753217,-0.344368,0.440267,1.339353
336.000000,0.776768,0.436789,0.272798,0.356226,0.547300
337.000000,1.172894,-0.422462,0.675990,0.206458,-0.102122
338.000000,0.913434,-0.500172,1.070301,0.035496,0.010518
339.000000,0.660116,-0.187289,1.261956,0.230258,0.187736
340.000000,0.254965,0.436177,1.692245,0.482017,0.128424
341.000000,0.349183,1.206337,2.233964,1.151972,0.840651
342.000000,0.468265,1.686225,2.303297,1.328807,0.255979
343.000000,0.275877,1.200278,1.988165,0.243923,-0.586784
344.000000,-0.243619,0.423164,1.118144,-0.822817,-1.377742
345.000000,-0.695330,-0.448603,0.218249,-1.444343,-1.216936
346.000000,-1.277411,-0.971265,-0.571791,-1.153905,-1.035586
347.000000,-1.752504,-1.415474,-1.702837,-1.270722,-1.493824
348.000000,-2.010741,-1.931928,-2.175058,-1.817535,-1.706563
349.000000,-1.809958,-2.136198,-2.107942,-2.427294,-0.890561
350.000000,-1.614439,-2.197785,-1.790606,-2.268518,-0.646215
351.000000,-1.354257,-2.263692,-1.454486,-1.773205,-0.162933
352.000000,-1.013569,-2.206811,-1.176096,-1.613450,-0.251910
353.000000,-0.439366,-1.891379,-1.243428,-1.382436,0.373867
354.000000,-0.097241,-1.470312,-1.342249,-1.753274,0.347655
355.000000,0.082868,-1.181751,-1.585660,-2.276831,-0.002084
356.000000,0.214843,-0.890212,-1.566470,-2.460371,0.328728
357.000000,0.636798,-0.343306,-1.258783,-2.566513,1.356430
358.000000,1.230004,0.515675,-0.780862,-1.769251,2.349452
359.000000,1.837941,1.238133,-0.311285,-0.699369,2.297537
360.000000,2.610844,2.056473,0.447182,1.148228,3.014204
361.000000,2.876309,2.479714,0.957927,2.467705,2.442516
362.000000,2.835888,2.679716,1.473440,3.112976,2.095892
363.000000,2.572215,2.641257,1.952289,2.974195,1.680222
364.000000,2.368944,2.601579,2.422682,2.846866,1.704809
365.000000,2.058497,2.582499,2.682935,2.694613,1.679999
366.000000,1.834546,2.499428,2.753473,2.627451,1.478290
367.000000,1.716509,2.385105,2.811113,2.639980,1.570164
368.000000,1.634292,2.203856,2.796364,2.582496,1.359972
369.000000,1.558952,2.058550,2.702197,2.514645,1.384906
370.000000,1.490356,1.865551,2.599504,2.452744,1.365030
371.000000,1.423916,1.712316,2.467955,2.330039,1.186785
372.000000,1.388259,1.627450,2.386784,2.290225,1.396555
373.000000,1.352800,1.561407,2.271727,2.273292,1.211943
374.000000,1.245884,1.460153,2.153020,2.255121,0.890318
375.000000,1.140138,1.365877,2.069508,2.223512,0.862245
376.000000,1.132039,1.326307,2.012067,2.204498,1.158548
377.000000,0.986218,1.228533,1.907873,2.161309,0.667005
378.000000,0.916382,1.174226,1.802496,2.144362,0.882620
379.000000,0.807368,1.065814,1.677052,2.065108,0.274709
380.000000,0.608361,0.918643,1.503590,1.966767,-0.259883
381.000000,0.289110,0.781074,1.355770,1.864763,-0.417253
382.000000,-0.030890,0.572890,1.209630,1.765397,-0.943635
383.000000,-0.477880,0.356282,1.084302,1.658632,-1.121392
384.000000,-0.715174,0.203205,0.982219,1.590907,-0.653453
385.000000,-0.904354,0.006748,0.872569,1.540014,-1.049040
386.000000,-1.114847,-0.289007,0.770436,1.491437,-1.278703
387.000000,-1.425198,-0.655551,0.617956,1.403111,-2.348923
388.000000,-1.496015,-1.029439,0.504362,1.320625,-1.272403
389.000000,-1.856804,-1.428280,0.337251,1.210741,-2.026737
390.000000,-1.848377,-1.628450,0.178255,1.079244,-1.243224
391.000000,-1.752832,-1.745372,0.012179,0.959413,-1.125898
392.000000,-1.446489,-1.716395,-0.210658,0.846574,-1.013021
393.000000,-1.550029,-1.744518,-0.516909,0.712737,-1.783399
394.000000,-1.498878,-1.816859,-0.839632,0.559885,-1.746023
395.000000,-1.520378,-1.781668,-1.173830,0.404146,-1.381030
396.000000,-1.695316,-1.817001,-1.630730,0.198925,-1.953715
397.000000,-2.425147,-2.103028,-2.230438,-0.257751,-3.733015
398.000000,-2.760218,-2.375820,-2.635994,-0.775371,-3.104388
399.000000,-2.846867,-2.446911,-2.731613,-1.319091,-2.501663
400.000000,-2.784475,-2.443817,-2.635157,-1.790341,-1.854577
401.000000,-2.570075,-2.367326,-2.480923,-2.122702,-1.344331
402.000000,-2.130143,-2.313235,-2.334093,-2.379612,-1.359582
403.000000,-1.746629,-2.203621,-2.196450,-2.477144,-1.162570
404.000000,-1.440229,-2.099343,-2.099674,-2.453440,-1.020806
405.000000,-1.281964,-2.042586,-2.021914,-2.402768,-1.106037
406.000000,-1.205570,-1.950690,-1.951401,-2.345336,-0.977291
407.000000,-1.121960,-1.709308,-1.868678,-2.253746,-0.962673
408.000000,-1.075632,-1.495549,-1.829038,-2.181617,-0.936509
409.000000,-1.031093,-1.313498,-1.767080,-2.084920,-0.788107
410.000000,-0.899313,-1.165018,-1.715112,-1.970694,-0.463434
411.000000,-0.862596,-1.108771,-1.692603,-1.892385,-0.801288
412.000000,-0.812927,-1.041010,-1.672288,-1.812137,-0.732823
413.000000,-0.780800,-1.001620,-1.636072,-1.746006,-0.790453
414.000000,-0.764808,-0.971164,-1.600356,-1.702886,-0.707264
415.000000,-0.816078,-0.925357,-1.578261,-1.662068,-0.673618
416.000000,-0.853394,-0.927301,-1.555005,-1.641668,-0.972536
417.000000,-0.859477,-0.906112,-1.423900,-1.599196,-0.739322
418.000000,-0.869793,-0.896439,-1.304806,-1.587247,-0.815746
419.000000,-0.929961,-0.921458,-1.214813,-1.568572,-0.953113
420.000000,-1.013317,-0.998281,-1.165713,-1.570185,-1.012016
421.000000,-1.045396,-1.042323,-1.156365,-1.578787,-1.103246
422.000000,-1.049517,-1.053945,-1.124204,-1.577429,-0.603533
423.000000,-1.035109,-1.063794,-1.107317,-1.562203,-0.575050
424.000000,-1.045544,-1.120717,-1.114982,-1.557432,-0.835687
425.000000,-0.990822,-1.176126,-1.107259,-1.558262,-0.476863
426.000000,-0.787529,-1.161369,-1.097811,-1.538045,0.155354
427.000000,-0.744398,-1.223216,-1.096094,-1.437803,-0.278142
428.000000,-0.723059,-1.281923,-1.100674,-1.341447,-0.781890
429.000000,-0.568959,-1.274159,-1.114271,-1.257736,-0.882329
430.000000,-0.725912,-1.261820,-1.177976,-1.211193,-1.407328
431.000000,-1.104714,-1.186933,-1.206615,-1.194231,-1.357465
432.000000,-1.621356,-1.403324,-1.295026,-1.196889,-2.474476
433.000000,-2.018143,-1.651726,-1.403313,-1.221536,-2.618254
434.000000,-2.345817,-1.818585,-1.536518,-1.261953,-2.546077
435.000000,-2.415178,-1.952132,-1.651389,-1.286344,-2.010002
436.000000,-2.433385,-2.108849,-1.715733,-1.317503,-1.834335
437.000000,-2.208177,-2.133002,-1.789622,-1.340490,-1.488821
438.000000,-2.130782,-2.217957,-1.897062,-1.391517,-2.197647
439.000000,-2.150633,-2.351135,-2.013583,-1.474275,-2.535502
440.000000,-2.181162,-2.385622,-2.078758,-1.572798,-2.187775
441.000000,-2.210956,-2.398793,-2.104225,-1.641725,-2.058635
442.000000,-2.103529,-2.225673,-2.082021,-1.675096,-1.132641
443.000000,-1.923418,-2.080450,-2.064374,-1.712284,-1.310838
444.000000,-1.691716,-1.958317,-2.024387,-1.756692,-1.385568
445.000000,-1.391927,-1.816728,-1.954851,-1.768023,-0.694380
446.000000,-1.218366,-1.756518,-1.952769,-1.776075,-1.239479
447.000000,-1.243649,-1.731133,-1.938590,-1.801129,-1.247688
448.000000,-1.055653,-1.553256,-1.866112,-1.773412,-0.393411
449.000000,-0.634999,-1.228964,-1.750168,-1.686200,0.645856
450.000000,-0.322016,-0.919013,-1.625579,-1.587047,0.809165
451.000000,0.201579,-0.567771,-1.493769,-1.465754,1.128784
452.000000,0.687583,-0.341921,-1.343866,-1.391862,0.904554
453.000000,1.060485,-0.035604,-1.162097,-1.302016,1.284743
454.000000,1.263373,0.337126,-0.954265,-1.183963,1.557626
455.000000,1.305380,0.563560,-0.802646,-1.115944,1.017706
456.000000,1.688119,1.117311,-0.508760,-0.967219,2.687610
457.000000,1.946361,1.574487,-0.252892,-0.840960,2.062558
458.000000,2.020300,1.835650,0.062979,-0.721660,1.714531
459.000000,2.154611,2.026495,0.538615,-0.548031,2.212603
460.000000,2.277734,2.125416,1.013707,-0.355907,1.907279
461.000000,2.142202,2.200843,1.546185,-0.103328,2.079169
462.000000,2.165152,2.295274,1.991931,0.296531,2.238089
463.000000,2.123490,2.257945,2.286076,0.730555,1.742791
464.000000,1.975185,2.179218,2.453195,1.213146,1.593551
465.000000,1.865046,2.130661,2.472157,1.669686,1.456015
466.000000,1.732068,1.969926,2.481750,2.072742,1.431393
467.000000,1.571454,1.876649,2.460431,2.358212,1.428448
468.000000,1.486362,1.809662,2.375078,2.549580,1.333384
469.000000,1.465186,1.731707,2.270999,2.662618,1.500194
470.000000,1.464967,1.680551,2.176522,2.659145,1.474932
471.000000,1.421158,1.593078,2.068379,2.590468,1.230464
472.000000,1.435317,1.520074,2.007919,2.502388,1.501484
473.000000,1.346176,1.429220,1.905670,2.382846,0.870425
474.000000,1.283694,1.385759,1.831056,2.308932,1.186251
475.000000,1.120627,1.306559,1.756222,2.191215,0.637605
476.000000,1.013182,1.235620,1.641027,2.115265,0.658724
477.000000,0.818002,1.159211,1.555957,2.049279,0.551126
478.000000,0.766608,1.096468,1.495094,1.974109,0.587049
479.000000,0.560790,0.981681,1.406359,1.873435,0.193174
480.000000,0.437272,0.846357,1.328097,1.780423,-0.034904
481.000000,0.184393,0.690318,1.225900,1.678720,-0.634489
482.000000,-0.260356,0.401897,1.081854,1.574387,-1.662244
483.000000,-0.720962,0.190956,0.970519,1.483620,-1.442699
484.000000,-1.081725,-0.088491,0.871300,1.402917,-1.242783
485.000000,-1.492541,-0.357210,0.766042,1.339918,-1.677992
486.000000,-1.683243,-0.651840,0.659839,1.239961,-1.370016
487.000000,-1.694824,-1.007816,0.522650,1.150575,-1.774725
488.000000,-1.812380,-1.425466,0.359174,1.067276,-2.005072
489.000000,-2.083582,-1.852562,0.107722,0.940026,-2.494416
490.000000,-2.170679,-2.151702,-0.188410,0.821051,-2.178804
491.000000,-2.313710,-2.314258,-0.540912,0.667085,-2.274658
492.000000,-2.357583,-2.304615,-1.012377,0.467356,-2.259380
493.000000,-2.268524,-2.247762,-1.411455,0.282881,-1.819145
494.000000,-1.974529,-2.125642,-1.769047,0.114463,-1.147681
495.000000,-1.742062,-1.990243,-1.990339,-0.072339,-1.043719
496.000000,-1.571614,-1.938330,-2.163564,-0.329280,-1.374908
497.000000,-1.239575,-1.779887,-2.160200,-0.579357,-0.606245
498.000000,-0.891460,-1.576922,-2.078270,-0.823487,-0.103089
499.000000,-0.695256,-1.358305,-1.971460,-1.131053,-0.166726
500.000000,-0.454991,-1.140618,-1.838127,-1.414542,0.161876
501.000000,-0.176861,-0.935196,-1.712385,-1.659143,-0.085927
502.000000,-0.031836,-0.704494,-1.551302,-1.868432,0.062916
503.000000,-0.010342,-0.513867,-1.433592,-1.929265,-0.008655
504.000000,0.058332,-0.379709,-1.337799,-1.962347,0.150752
505.000000,-0.064116,-0.303035,-1.275050,-1.944097,-0.448668
506.000000,-0.285421,-0.240241,-1.268625,-1.955507,-1.214848
507.000000,-0.609808,-0.300867,-1.258502,-1.953549,-1.428395
508.000000,-0.874945,-0.410018,-1.225551,-1.931199,-1.092815
509.000000,-1.175715,-0.515303,-1.158265,-1.886095,-1.012983
510.000000,-1.349233,-0.693287,-1.104378,-1.841149,-1.032720
511.000000,-1.193069,-0.788443,-1.005729,-1.758069,-0.360506
512.000000,-1.103087,-0.996406,-0.922060,-1.675492,-1.079652
513.000000,-1.244974,-1.296556,-0.894589,-1.643996,-1.680609
514.000000,-1.354768,-1.605925,-0.918172,-1.625902,-1.452146
515.000000,-1.444854,-1.806928,-0.957804,-1.607516,-1.404955
516.000000,-1.625382,-1.841995,-0.958724,-1.598531,-1.207381
517.000000,-1.426373,-1.687244,-0.996818,-1.546126,-0.228306
518.000000,-1.142187,-1.610133,-1.136115,-1.500917,-0.449958
519.000000,-0.994241,-1.582294,-1.325607,-1.442075,-0.848281
520.000000,-0.857203,-1.538131,-1.596471,-1.395211,-0.867693
521.000000,-0.851509,-1.626147,-1.879419,-1.345009,-1.205640
522.000000,-1.026597,-1.566228,-2.113547,-1.270397,-1.020154
523.000000,-1.297888,-1.514646,-2.337812,-1.245095,-1.634942
524.000000,-1.478810,-1.510908,-2.493337,-1.274992,-1.672646
525.000000,-1.472555,-1.412720,-2.434326,-1.278988,-0.963863
526.000000,-1.424896,-1.370740,-2.278196,-1.257310,-1.082505
527.000000,-1.423007,-1.452702,-2.121855,-1.305961,-1.109215
528.000000,-1.314245,-1.502038,-2.027885,-1.406794,-1.185161
529.000000,-0.993310,-1.379279,-1.869360,-1.447018,-0.191463
530.000000,-0.819910,-1.260479,-1.730763,-1.513480,-0.106436
531.000000,-0.581648,-1.096720,-1.644584,-1.548418,0.139439
532.000000,0.265293,-0.689816,-1.332395,-1.454631,2.836031
533.000000,1.125884,-0.266668,-1.040316,-1.395461,2.163056
534.000000,1.885016,0.252381,-0.745689,-1.331052,2.415599
535.000000,2.660008,0.828553,-0.386674,-1.172478,2.733179
536.000000,3.018926,1.486462,-0.027930,-0.931159,2.394163
537.000000,2.680302,2.088934,0.237513,-0.653596,2.019346
538.000000,2.512240,2.548089,0.542363,-0.360074,1.937483
539.000000,2.311719,2.673343,0.880038,-0.039536,1.740726
540.000000,2.094441,2.689992,1.231203,0.348953,1.751133
541.000000,1.960440,2.651226,1.615935,0.745304,1.791286
542.000000,1.758486,2.332147,1.849821,1.142723,1.146180
543.000000,1.603559,2.145532,2.096484,1.626000,1.231273
544.000000,1.457713,1.962616,2.249611,1.980200,1.066414
545.000000,1.267862,1.750626,2.260223,2.186435,0.840877
546.000000,1.017466,1.549478,2.229289,2.242388,0.575879
547.000000,0.852223,1.366004,2.169227,2.149372,0.346055
548.000000,0.691163,1.209302,2.120567,2.094669,0.458107
549.000000,0.528596,1.056567,2.005988,2.048694,0.290829
550.000000,0.465795,0.930427,1.925802,2.032853,0.548457
551.000000,0.454990,0.793840,1.847971,2.029401,0.530549
552.000000,0.446231,0.702386,1.665266,1.984114,0.294537
553.000000,0.446498,0.616404,1.549550,1.990010,0.461894
554.000000,0.482693,0.545694,1.441877,1.991760,0.453637
555.000000,0.451914,0.494623,1.321156,1.948542,0.400455
556.000000,0.523539,0.523271,1.242537,1.945358,0.938571
557.000000,0.729173,0.613960,1.197664,1.957309,1.309811
558.000000,1.032679,0.748665,1.181087,1.992463,1.986521
559.000000,1.419073,0.940883,1.182656,1.986442,2.169116
560.000000,1.582727,0.985492,1.115492,1.928480,0.563772
561.000000,1.628953,1.042068,1.038656,1.874808,0.392999
562.000000,1.622230,1.205121,1.029845,1.761364,0.987607
563.000000,1.604675,1.475595,1.055376,1.716877,2.038437
564.000000,1.189200,1.655714,1.050142,1.643710,0.774055
565.000000,1.146269,1.806184,1.051461,1.549642,0.415383
566.000000,1.225540,1.852941,1.097844,1.474508,0.780325
567.000000,1.379909,1.892907,1.225802,1.437619,1.632010
568.000000,1.111006,1.665813,1.320392,1.381937,0.943645
569.000000,1.088621,1.362274,1.434890,1.328061,0.712831
570.000000,1.147470,1.352511,1.524143,1.269966,0.719355
571.000000,1.342598,1.499353,1.676771,1.234860,1.619753
572.000000,1.163391,1.457578,1.813142,1.219483,0.901815
573.000000,1.169768,1.306233,1.912679,1.199948,1.009087
574.000000,1.285894,1.355161,2.002100,1.201644,1.264421
575.000000,1.256169,1.358009,2.020038,1.197708,0.673354
576.000000,1.047751,1.324448,1.956546,1.217357,0.712961
577.000000,0.941278,1.158765,1.826971,1.249972,0.425343
578.000000,0.749066,1.047268,1.615725,1.267125,0.101306
579.000000,0.371170,0.912467,1.362919,1.284948,-0.481404
580.000000,0.096713,0.778536,1.272941,1.283230,-0.566582
581.000000,-0.282647,0.503413,1.185430,1.278983,-0.819714
582.000000,-0.828835,0.222367,1.012826,1.274270,-1.700689
583.000000,-1.302437,-0.086004,0.773679,1.264672,-1.491930
584.000000,-1.775646,-0.574626,0.593804,1.231512,-2.033265
585.000000,-2.839869,-1.452210,0.229129,1.060187,-3.771139
586.000000,-3.485264,-2.496127,-0.290580,0.723668,-3.525209
587.000000,-3.462343,-3.110848,-0.936052,0.257730,-2.933316
588.000000,-3.302387,-3.230609,-1.487898,-0.375867,-2.489330
589.000000,-3.050145,-3.071721,-1.892572,-1.064699,-2.044005
590.000000,-2.611312,-2.876581,-2.165071,-1.500795,-1.658976
591.000000,-2.171310,-2.672278,-2.385100,-1.798088,-1.335048
592.000000,-1.890132,-2.509629,-2.489839,-2.123831,-1.539625
593.000000,-1.733941,-2.422697,-2.554444,-2.439434,-1.719670
594.000000,-1.601067,-2.299769,-2.547972,-2.499372,-1.420889
595.000000,-1.474215,-2.061500,-2.452283,-2.447981,-1.084954
596.000000,-1.318916,-1.781222,-2.321884,-2.349123,-0.614053
597.000000,-1.065629,-1.514590,-2.173069,-2.264935,-0.282629
598.000000,-0.824764,-1.317235,-2.062510,-2.184210,-0.527512
599.000000,-0.634344,-1.161257,-1.953749,-2.101596,-0.504561
600.000000,-0.459452,-1.017905,-1.846300,-2.009386,-0.254018
601.000000,-0.400368,-0.918539,-1.759301,-1.974695,-0.334317
602.000000,-0.401404,-0.789964,-1.665522,-1.911568,-0.273189
603.000000,-0.174556,-0.548547,-1.543568,-1.805490,0.611456
604.000000,-0.014853,-0.368396,-1.450473,-1.752873,0.256010
605.000000,0.034858,-0.249796,-1.320856,-1.707459,-0.056018
606.000000,0.168146,-0.156241,-1.161462,-1.658033,0.257079
607.000000,0.297625,-0.102672,-1.013051,-1.612015,0.255385
608.000000,0.318033,0.039841,-0.850158,-1.545468,0.813306
609.000000,0.319098,0.138582,-0.732807,-1.502821,0.225902
610.000000,0.516058,0.262140,-0.609406,-1.450261,0.766881
611.000000,0.679262,0.429893,-0.495707,-1.400186,0.923654
612.000000,0.923714,0.645522,-0.336011,-1.332482,1.218169
613.000000,1.124356,0.781783,-0.111949,-1.269236,1.599993
614.000000,1.410368,0.969820,0.104321,-1.216961,1.240231
615.000000,1.369935,1.145326,0.290284,-1.116241,0.628791
616.000000,1.188640,1.186388,0.429459,-0.991127,0.305615
617.000000,1.025589,1.237120,0.569789,-0.838526,0.688986
618.000000,0.823970,1.183182,0.779904,-0.669418,0.842657
619.000000,0.941866,1.331275,1.092287,-0.450896,1.846397
620.000000,1.360266,1.458737,1.430322,-0.190480,2.338166
621.000000,1.952378,1.625331,1.800933,0.127287,2.624808
622.000000,2.388436,1.764559,2.083636,0.556662,2.562204
623.000000,2.596407,1.820441,2.094370,1.043162,2.130576
624.000000,2.551595,1.919384,2.092012,1.492768,1.905355
625.000000,2.445865,2.095784,2.111521,1.868835,1.962949
626.000000,2.107791,2.167494,2.023048,2.031204,1.069337
627.000000,1.699035,2.134416,1.928883,2.059385,0.705921
628.000000,1.346434,2.061927,1.803070,2.064067,0.483495
629.000000,0.978777,1.879373,1.726395,2.017518,0.158727
630.000000,0.594083,1.667014,1.640357,1.940012,0.215212
631.000000,0.327863,1.379148,1.548390,1.851426,-0.145607
632.000000,0.115636,1.065973,1.455255,1.762179,-0.247754
633.000000,-0.117354,0.751873,1.337848,1.597156,-0.541127
634.000000,-0.166571,0.510642,1.286803,1.512318,-0.039968
635.000000,-0.193626,0.263018,1.289601,1.472250,0.130483
636.000000,-0.017730,0.195360,1.345015,1.444234,0.660985
637.000000,-0.062941,0.036885,1.310447,1.377021,-0.472924
638.000000,0.074740,-0.031607,1.297564,1.312995,0.037980
639.000000,-0.002986,-0.109323,1.200328,1.276457,-0.410214
640.000000,-0.194559,-0.240036,1.042336,1.211508,-0.711893
641.000000,-0.582573,-0.353512,0.817081,1.141964,-0.953755
642.000000,-0.702990,-0.460565,0.551014,1.065709,-0.972732
643.000000,-1.302700,-0.752673,0.163106,0.905460,-2.320959
644.000000,-2.318726,-1.556544,-0.519420,0.610174,-3.740918
645.000000,-2.973205,-2.322105,-1.323479,0.279545,-3.322919
646.000000,-3.133644,-2.792679,-1.941989,-0.044982,-2.600749
647.000000,-3.052920,-2.845317,-2.345107,-0.400441,-2.013756
648.000000,-2.771867,-2.807906,-2.539799,-0.785024,-1.604616
649.000000,-2.264878,-2.656122,-2.548363,-1.245569,-1.216141
650.000000,-1.828110,-2.508322,-2.508486,-1.781999,-1.178403
651.000000,-1.623139,-2.434566,-2.476020,-2.376137,-1.605757
652.000000,-1.525521,-2.364664,-2.415874,-2.742085,-1.568705
653.000000,-1.499966,-2.233207,-2.335367,-2.839136,-1.500007
654.000000,-1.540453,-2.002283,-2.277749,-2.801021,-1.430603
655.000000,-1.532308,-1.767111,-2.206148,-2.701232,-1.153568
656.000000,-1.441599,-1.605723,-2.164261,-2.568394,-1.169961
657.000000,-1.366948,-1.512423,-2.096410,-2.448730,-1.212515
658.000000,-1.309414,-1.468056,-2.055817,-2.344794,-1.229058
659.000000,-1.237090,-1.451975,-2.001441,-2.239823,-1.092186
660.000000,-1.248371,-1.453988,-1.957386,-2.164974,-1.207381
661.000000,-1.276741,-1.420923,-1.922117,-2.100051,-1.304972
662.000000,-1.333805,-1.411199,-1.903515,-2.055719,-1.480227
663.000000,-1.327592,-1.377690,-1.838599,-1.993983,-1.201984
664.000000,-1.354644,-1.354572,-1.723182,-1.955222,-1.224096
665.000000,-1.437589,-1.404043,-1.635818,-1.946780,-1.606636
666.000000,-1.464519,-1.432058,-1.569059,-1.940545,-1.440879
667.000000,-1.371446,-1.412039,-1.510361,-1.895162,-1.014609
668.000000,-1.279877,-1.360639,-1.460887,-1.852917,-0.673804
669.000000,-1.197570,-1.334655,-1.439739,-1.814492,-0.732021
670.000000,-0.972339,-1.279385,-1.414329,-1.771613,-0.481016
671.000000,-0.885853,-1.269619,-1.392769,-1.752312,-1.161166
672.000000,-0.860472,-1.218879,-1.363712,-1.730147,-0.904286
673.000000,-0.954738,-1.213467,-1.340832,-1.689295,-0.972554
674.000000,-1.069623,-1.213931,-1.325053,-1.609111,-1.138379
675.000000,-1.104355,-1.084407,-1.303271,-1.513686,-0.467997
676.000000,-0.955306,-0.977613,-1.285561,-1.443144,-0.702726
677.000000,-0.882559,-0.930140,-1.262683,-1.393614,-0.659217
678.000000,-0.957945,-1.008125,-1.261489,-1.376432,-1.337810
679.000000,-1.076680,-1.123318,-1.286396,-1.385992,-1.766364
680.000000,-1.198916,-1.208287,-1.278958,-1.383604,-1.025705
681.000000,-1.181920,-1.123039,-1.246572,-1.351305,-0.480730
682.000000,-1.234267,-1.102649,-1.205009,-1.324494,-0.742530
683.000000,-1.306181,-1.166386,-1.220304,-1.317448,-1.659346
684.000000,-1.045575,-1.111111,-1.198495,-1.294234,-0.648535
685.000000,-0.980358,-1.158411,-1.133981,-1.286566,-0.672093
686.000000,-1.138747,-1.227212,-1.096707,-1.285877,-1.082304
687.000000,-1.431949,-1.402300,-1.141397,-1.299101,-1.938156
688.000000,-1.477982,-1.478784,-1.227655,-1.310752,-1.803254
689.000000,-2.065826,-1.606392,-1.359278,-1.352994,-2.680042
690.000000,-2.676079,-1.908586,-1.547154,-1.401140,-2.844246
691.000000,-2.721836,-2.108325,-1.590654,-1.415243,-1.531039
692.000000,-2.550493,-2.246286,-1.653601,-1.419085,-1.591230
693.000000,-2.300270,-2.162784,-1.668425,-1.430874,-1.033894
694.000000,-1.602270,-2.029080,-1.588730,-1.401045,0.346445
695.000000,-0.803196,-1.841939,-1.555084,-1.324399,0.521920
696.000000,0.057972,-1.398442,-1.404842,-1.202121,1.886219
697.000000,1.068399,-0.782428,-1.219125,-1.088808,2.203192
698.000000,1.690833,-0.278249,-1.013714,-1.024033,1.568119
699.000000,1.828426,0.303665,-0.786810,-0.965133,1.170549
700.000000,1.851869,0.906879,-0.648055,-0.938396,0.891838
701.000000,1.580911,1.276135,-0.556270,-0.853538,0.782616
702.000000,1.406711,1.749034,-0.336527,-0.740517,1.482714
703.000000,1.347652,2.032568,0.005275,-0.621092,1.346503
704.000000,1.373863,2.076019,0.284320,-0.475469,1.324505
705.000000,1.556624,2.152727,0.677688,-0.327698,1.718398
706.000000,1.550570,1.945260,1.000619,-0.212006,0.896614
707.000000,1.722969,1.924401,1.682329,0.081918,2.194878
708.000000,1.805252,1.913300,2.178250,0.474381,1.785816
709.000000,1.791430,1.885912,2.514549,0.925250,1.422299
710.000000,1.477359,1.744456,2.577380,1.156660,0.375435
711.000000,1.440538,1.692632,2.546462,1.409658,0.811877
712.000000,1.103668,1.553641,2.483271,1.641246,0.612350
713.000000,0.820788,1.426640,2.368161,1.890826,0.486701
714.000000,0.715970,1.369988,2.237972,2.051752,0.946037
715.000000,0.782909,1.245465,2.100606,2.105523,0.688945
716.000000,0.747076,1.208777,1.911556,2.133103,0.652346
717.000000,0.769771,1.037687,1.735831,2.181813,0.718299
718.000000,0.862055,0.932387,1.638188,2.209682,0.919756
719.000000,0.794593,0.834583,1.555588,2.234558,0.639944
720.000000,0.829387,0.885836,1.515665,2.279967,0.871229
721.000000,0.792069,0.839874,1.459656,2.217311,0.362563
722.000000,0.571454,0.743976,1.329057,2.127700,-0.696138
723.000000,0.266241,0.678176,1.226834,2.046057,-0.689478
724.000000,0.097307,0.594581,1.159778,1.949745,0.060465
725.000000,-0.335956,0.519770,1.058390,1.850068,-0.380156
726.000000,-0.540832,0.486427,1.035040,1.717562,0.271762
727.000000,-0.270468,0.403147,0.897771,1.571878,0.051730
728.000000,0.190700,0.287950,0.796757,1.486510,0.550917
729.000000,0.157340,0.143059,0.697463,1.415681,-0.043324
730.000000,0.556595,0.003280,0.728717,1.392744,0.794520
731.000000,0.665307,-0.025844,0.713561,1.374560,0.593350
732.000000,0.935207,0.462666,0.729881,1.325748,0.740716
733.000000,1.084424,1.126425,0.771984,1.290433,0.845591
734.000000,1.891151,1.981581,0.821725,1.289030,1.934846
735.000000,1.448698,2.062388,0.799755,1.200384,-0.297556
736.000000,0.721135,1.602155,0.725076,1.142452,-1.316101
737.000000,0.023705,1.220004,0.617785,0.982715,-1.150043
738.000000,-1.631276,-0.684620,0.137428,0.754985,-3.247325
739.000000,-3.480091,-2.652527,-0.695471,0.480751,-3.567093
740.000000,-3.716579,-3.746139,-1.947943,0.269776,-3.150989
741.000000,-3.471699,-3.777421,-2.844280,0.010996,-2.392175
742.000000,-3.281912,-3.650626,-3.080821,-0.278383,-2.267139
743.000000,-2.913218,-3.475834,-3.074467,-0.605558,-2.103448
744.000000,-2.465105,-3.312098,-2.971755,-1.004728,-1.610091
745.000000,-1.933710,-2.909563,-2.684399,-1.295122,-0.685401
746.000000,-1.608952,-2.612909,-2.544988,-1.615797,-0.837498
747.000000,-1.507761,-2.523743,-2.541756,-2.033704,-1.704737
748.000000,-1.390863,-2.312655,-2.522536,-2.335089,-1.519438
749.000000,-1.391019,-2.097494,-2.474912,-2.460891,-1.583140
750.000000,-1.425065,-1.837423,-2.391828,-2.425661,-0.905383
751.000000,-1.464505,-1.680930,-2.333905,-2.344495,-1.073856
752.000000,-1.290662,-1.520242,-2.269511,-2.194902,-0.906293
753.000000,-1.101250,-1.348095,-2.193474,-2.063164,-0.645329
754.000000,-0.947978,-1.261032,-2.183295,-2.009254,-0.878483
755.000000,-0.970791,-1.291001,-2.114914,-1.963094,-1.017391
756.000000,-1.067098,-1.363812,-2.071230,-1.981353,-1.512456
757.000000,-1.208498,-1.347801,-2.040501,-1.989020,-1.549657
758.000000,-1.512420,-1.413547,-1.991429,-2.042292,-2.025833
759.000000,-1.803421,-1.500605,-1.937225,-2.086906,-2.207904
760.000000,-2.101922,-1.692750,-1.915166,-2.161484,-2.427643
761.000000,-2.239953,-1.834847,-1.910975,-2.206312,-2.244109
762.000000,-2.267590,-1.930857,-1.880304,-2.214931,-1.848291
763.000000,-2.208964,-2.038947,-1.858235,-2.219396,-1.822872
764.000000,-2.064281,-2.076759,-1.837465,-2.218472,-1.505542
765.000000,-1.858749,-2.090488,-1.855538,-2.174391,-1.398331
766.000000,-1.767544,-2.107312,-1.894083,-2.146451,-1.813741
767.000000,-1.721953,-2.102711,-1.879424,-2.114099,-1.628617
768.000000,-1.604556,-2.018213,-1.852260,-2.036134,-1.279442
769.000000,-1.432136,-1.855618,-1.787160,-1.923670,-0.688132
770.000000,-1.424679,-1.737361,-1.798326,-1.855504,-1.375918
771.000000,-1.368874,-1.652592,-1.811181,-1.816155,-1.549122
772.000000,-1.357243,-1.610817,-1.831664,-1.781744,-1.549686
773.000000,-1.420562,-1.573523,-1.862914,-1.754581,-1.567463
774.000000,-1.483591,-1.516624,-1.849514,-1.719692,-1.067153
775.000000,-1.358853,-1.443826,-1.817085,-1.702249,-0.779543
776.000000,-1.302850,-1.384987,-1.796029,-1.704445,-1.279979
777.000000,-1.218813,-1.332761,-1.767299,-1.677023,-1.147120
778.000000,-1.055024,-1.279466,-1.698834,-1.642356,-0.784762
779.000000,-0.969526,-1.273166,-1.615455,-1.602941,-0.638934
780.000000,-0.951685,-1.202854,-1.521882,-1.587995,-0.658724
781.000000,-0.873855,-1.139152,-1.450118,-1.579948,-0.925124
782.000000,-0.842575,-1.083284,-1.406514,-1.583576,-1.042700
783.000000,-0.899458,-1.022963,-1.365250,-1.597950,-1.082715
784.000000,-0.938681,-0.994233,-1.329689,-1.597205,-0.726915
785.000000,-0.913685,-0.972589,-1.287212,-1.586167,-0.282738
786.000000,-0.688070,-0.830428,-1.197269,-1.548486,0.577119
787.000000,-0.321585,-0.679305,-1.112603,-1.510800,0.986212
788.000000,0.240606,-0.554967,-1.044985,-1.456287,1.241187
789.000000,1.014202,-0.390667,-1.002227,-1.384513,1.788117
790.000000,1.549587,-0.228147,-0.926482,-1.307541,1.043230
791.000000,1.830147,0.108362,-0.812659,-1.221588,1.497896
792.000000,1.889644,0.583694,-0.685862,-1.151178,1.376621
793.000000,2.097828,1.317639,-0.498560,-1.055457,2.195331
794.000000,2.147405,1.991064,-0.329244,-0.970300,2.132269
795.000000,2.433438,2.495538,-0.130189,-0.868904,2.475395
796.000000,2.568909,2.664826,0.193056,-0.721109,2.458786
797.000000,2.749666,2.750187,0.620750,-0.542145,2.700949
798.000000,2.707729,2.741425,1.079233,-0.360699,2.451748
799.000000,2.636406,2.661121,1.581987,-0.197029,2.243854
800.000000,2.369134,2.531867,1.982184,0.008349,1.506750
801.000000,2.143277,2.398790,2.317187,0.276872,1.489021
802.000000,1.841440,2.267492,2.476551,0.582191,1.238630
803.000000,1.641427,2.141474,2.531865,0.970009,1.477965
804.000000,1.463699,2.028569,2.478390,1.326684,1.367194
805.000000,1.367958,1.873949,2.358600,1.607932,1.059314
806.000000,1.280829,1.733321,2.222993,1.893459,1.072625
807.000000,1.303971,1.604548,2.130327,2.112575,1.360171
808.000000,1.278681,1.493822,2.053205,2.209943,1.358413
809.000000,1.273560,1.402496,1.976447,2.235697,1.346989
810.000000,1.278924,1.356560,1.914414,2.204098,1.085328
811.000000,1.171744,1.256826,1.815328,2.136360,0.519575
812.000000,1.026430,1.195699,1.741732,2.081557,0.610972
813.000000,0.915591,1.129910,1.665790,2.040273,0.821253
814.000000,0.905948,1.126539,1.627896,2.012682,1.417345
815.000000,0.963465,1.160634,1.580952,1.973950,1.441392
816.000000,1.250650,1.230968,1.550000,1.937837,1.836009
817.000000,1.544370,1.277570,1.505341,1.909187,1.890820
818.000000,1.742498,1.308922,1.457898,1.877847,1.679906
819.000000,1.760873,1.326303,1.412098,1.836335,1.473222
820.000000,1.770229,1.381278,1.406251,1.813241,1.454389
821.000000,1.619132,1.478732,1.384909,1.772006,1.038212
822.000000,1.488687,1.585067,1.387068,1.744586,1.238970
823.000000,1.373660,1.651395,1.369561,1.699748,1.098240
824.000000,1.399275,1.686434,1.378521,1.672771,1.597223
825.000000,1.617018,1.800201,1.446825,1.660992,2.414290
826.000000,1.838482,1.817222,1.498966,1.634883,1.911944
827.000000,2.011180,1.832842,1.538452,1.600287,2.021384
828.000000,2.100537,1.829782,1.563832,1.561760,1.696057
829.000000,2.096158,1.853761,1.594402,1.534380,1.767140
830.000000,1.905716,1.852054,1.637047,1.532843,1.576337
831.000000,1.689774,1.818107,1.685500,1.512237,0.943280
832.000000,1.520024,1.795543,1.736396,1.512214,1.210786
833.000000,1.207411,1.672325,1.708545,1.468402,0.147410
834.000000,0.886451,1.524096,1.644262,1.433306,0.193358
835.000000,0.594706,1.308041,1.583629,1.417189,0.195423
836.000000,0.369129,1.111913,1.484555,1.393178,-0.146750
837.000000,-0.006824,0.863815,1.365427,1.346221,-0.487266
838.000000,-0.095966,0.663093,1.272261,1.307164,-0.253428
839.000000,-0.220627,0.423952,1.187923,1.266593,-0.340906
840.000000,-0.329015,0.198749,1.111507,1.245617,-0.245552
841.000000,-0.347204,0.053588,1.071871,1.263903,-0.197642
842.000000,-0.394434,-0.202101,0.999915,1.267030,-0.796373
843.000000,-0.639065,-0.381434,0.912336,1.246668,-1.488220
844.000000,-0.939617,-0.614733,0.781416,1.190015,-1.628832
845.000000,-1.393438,-0.920655,0.555225,1.119825,-1.931742
846.000000,-1.966621,-1.275889,0.289346,0.993188,-2.436573
847.000000,-2.246502,-1.565427,-0.037219,0.844547,-2.241973
848.000000,-2.315655,-1.858571,-0.395100,0.686065,-2.118183
849.000000,-2.318550,-2.072126,-0.825545,0.516752,-1.977564
850.000000,-2.192904,-2.176112,-1.243445,0.341340,-1.589731
851.000000,-1.971185,-2.215658,-1.582271,0.176329,-1.451343
852.000000,-1.668989,-2.096316,-1.850644,0.018451,-0.838400
853.000000,-1.367370,-1.927333,-1.934310,-0.141528,-0.659414
854.000000,-0.866799,-1.645202,-1.870636,-0.257716,0.434852
855.000000,-0.332784,-1.314900,-1.728581,-0.432037,0.974823
856.000000,0.177771,-0.959250,-1.558773,-0.593304,0.943115
857.000000,0.643581,-0.573743,-1.335195,-0.762991,1.311982
858.000000,1.111153,-0.164231,-1.135558,-0.891353,1.455487
859.000000,1.360540,0.266723,-0.934623,-1.037775,1.545678
860.000000,1.596660,0.742448,-0.701754,-1.031045,2.021100
861.000000,1.852626,1.239858,-0.460554,-0.821413,2.092082
862.000000,2.025570,1.663987,-0.163158,-0.602307,2.130490
863.000000,2.131710,2.024669,0.199319,-0.115842,2.084424
864.000000,2.189415,2.193394,0.602450,0.395965,2.032696
865.000000,2.069563,2.199830,0.994143,0.809896,1.620900
866.000000,1.857944,2.133460,1.369305,1.152198,1.186066
867.000000,1.587304,1.988702,1.655696,1.421239,0.822317
868.000000,1.336555,1.853071,1.896835,1.618568,0.825418
869.000000,1.100344,1.734247,2.081324,1.798102,0.853982
870.000000,0.919676,1.579556,2.169922,1.901989,0.738425
871.000000,0.776464,1.402617,2.189504,1.930719,0.496652
872.000000,0.789478,1.276843,2.185515,2.073569,0.882512
873.000000,0.742610,1.121205,2.129871,2.167081,0.601929
874.000000,0.680711,0.962285,2.006900,2.220228,0.556806
875.000000,0.653296,0.850779,1.876720,2.265976,0.609221
876.000000,0.454120,0.665949,1.685053,2.179871,-0.524354
877.000000,0.059925,0.466873,1.468529,2.045060,-1.088417
878.000000,-0.300926,0.262919,1.272781,1.938847,-1.158877
879.000000,-0.550245,0.117485,1.140280,1.918953,-0.527131
880.000000,-0.694462,0.053230,1.042511,1.946267,0.254884
881.000000,-0.600460,0.000342,0.934895,1.952364,0.113851
882.000000,-0.419687,-0.152308,0.804211,1.897428,-0.313637
883.000000,-0.149827,-0.271330,0.676121,1.854991,-0.144098
884.000000,-0.083295,-0.429284,0.524551,1.745841,-0.392840
885.000000,0.029494,-0.504168,0.452606,1.684838,0.880191
886.000000,0.382719,-0.284865,0.448967,1.670244,1.524321
887.000000,0.986760,0.174723,0.507458,1.664084,1.846823
888.000000,1.516443,0.765411,0.581602,1.661685,1.832470
889.000000,1.992573,1.264160,0.665407,1.663440,1.728806
890.000000,2.071820,1.544209,0.770381,1.636682,1.532583
891.000000,1.982159,1.766965,0.927770,1.599165,1.406410
892.000000,1.785151,1.940304,1.030597,1.545729,1.161297
893.000000,1.705877,2.095227,1.264114,1.512530,1.564312
894.000000,1.560369,2.162506,1.479942,1.444501,1.153820
895.000000,1.443526,2.069979,1.685352,1.399847,1.061293
896.000000,1.124354,1.793813,1.941202,1.320044,0.020939
897.000000,0.851172,1.513325,2.244463,1.270158,-0.046706
898.000000,0.430216,1.223639,2.396375,1.202810,-0.298289
899.000000,-0.246719,0.751649,2.091161,1.014158,-1.722077
900.000000,-0.863998,0.323636,1.689345,0.839716,-1.528940
901.000000,-1.196514,-0.079668,1.357248,0.690610,-1.389128
902.000000,-1.682697,-0.600204,0.920317,0.368772,-2.140124
903.000000,-1.996460,-1.137722,0.492794,0.048542,-1.906810
904.000000,-2.012442,-1.586866,0.066833,-0.339546,-1.912245
905.000000,-1.975687,-1.894545,-0.443504,-0.740646,-1.556161
906.000000,-1.951721,-2.017817,-1.017284,-0.997644,-1.495877
907.000000,-1.848258,-2.134398,-1.646580,-1.246879,-1.724799
908.000000,-1.800334,-2.200042,-2.165633,-1.519903,-1.750108
909.000000,-1.750256,-2.129749,-2.512964,-1.875755,-1.722055
910.000000,-1.757233,-2.078852,-2.688662,-2.234931,-1.667770
911.000000,-1.725693,-2.018516,-2.725515,-2.403652,-1.459874
912.000000,-1.604785,-1.873537,-2.668323,-2.409682,-1.213091
913.000000,-1.557201,-1.802840,-2.666435,-2.451805,-1.520082
914.000000,-1.479216,-1.715458,-2.597781,-2.420442,-1.344443
915.000000,-1.375946,-1.644426,-2.506908,-2.414103,-1.173030
916.000000,-1.283698,-1.567091,-2.366825,-2.399843,-1.028316
917.000000,-1.193076,-1.451432,-2.230751,-2.361649,-0.787225
918.000000,-1.060105,-1.352293,-2.117745,-2.332212,-0.863791
919.000000,-0.937839,-1.247617,-1.962357,-2.288025,-0.736752
920.000000,-0.857186,-1.154266,-1.844159,-2.245124,-0.780639
921.000000,-0.797510,-1.078498,-1.747605,-2.199486,-0.741018
922.000000,-0.757145,-1.013872,-1.621598,-2.139426,-0.562835
923.000000,-0.693970,-0.914706,-1.516762,-2.102239,-0.540729
924.000000,-0.655900,-0.832099,-1.419206,-2.055099,-0.531488
925.000000,-0.545253,-0.740801,-1.331462,-1.999095,-0.155069
926.000000,-0.432134,-0.663489,-1.256001,-1.922358,-0.153942
927.000000,-0.301926,-0.595766,-1.168213,-1.850951,0.209286
928.000000,-0.129812,-0.504815,-1.083377,-1.784556,0.438766
929.000000,-0.002768,-0.452099,-1.013103,-1.695605,-0.216269
930.000000,0.089939,-0.360463,-0.935070,-1.616628,0.253499
931.000000,0.116985,-0.286728,-0.878333,-1.559992,-0.405515
932.000000,-0.187437,-0.280419,-0.851067,-1.487734,-1.388459
933.000000,-0.741098,-0.306874,-0.800962,-1.429420,-1.741386
934.000000,-1.307367,-0.397731,-0.771082,-1.376276,-2.164535
935.000000,-2.024486,-0.641725,-0.755342,-1.338623,-2.068302
936.000000,-2.451784,-1.022924,-0.760833,-1.310007,-2.211020
937.000000,-2.538934,-1.617732,-0.799683,-1.273789,-2.023624
938.000000,-2.185373,-2.016232,-0.797182,-1.220129,-0.567012
939.000000,-1.677613,-2.134432,-0.801682,-1.161289,-0.145296
940.000000,-1.297839,-2.270102,-0.813765,-1.106262,-0.494559
941.000000,-0.839835,-2.147693,-0.828171,-1.057879,-0.239103
942.000000,-0.191291,-1.775120,-0.846256,-1.012546,0.658580
943.000000,0.101594,-1.377938,-0.866770,-0.936852,0.653058
944.000000,0.352411,-0.885163,-0.861804,-0.863665,0.904424
945.000000,0.898129,-0.261873,-0.838070,-0.778637,1.737623
946.000000,1.157866,0.245567,-0.877084,-0.714967,0.896388
947.000000,1.370371,0.867756,-0.869334,-0.650749,1.592788
948.000000,1.471294,1.158114,-0.885589,-0.573295,1.193335
949.000000,1.253631,1.164561,-0.953694,-0.537849,0.053896
950.000000,0.933504,1.266073,-1.033618,-0.474546,0.327051
951.000000,0.606899,1.182900,-1.130756,-0.441424,-0.529122
952.000000,0.175706,1.017191,-0.925575,-0.423203,-0.289506
953.000000,-0.498689,0.634751,-1.049605,-0.500524,-1.617131
954.000000,-0.949073,0.182376,-1.104758,-0.629057,-1.749827
955.000000,-1.408254,-0.393195,-1.150423,-0.881815,-1.641602
956.000000,-1.462232,-0.691968,-0.881454,-1.100712,-0.860679
957.000000,-1.534032,-1.071242,-0.592181,-1.404205,-0.745635
958.000000,-1.220878,-1.283094,-0.517456,-1.651949,-0.203331
959.000000,-0.868223,-1.305929,-0.557043,-1.783497,-0.173728
960.000000,-0.627207,-1.448496,-0.684664,-2.030275,-0.638782
961.000000,-1.804489,-2.262398,-2.866398,-2.850113,-4.120371
962.000000,-2.445593,-2.656464,-3.774239,-3.058016,-2.726672
963.000000,-2.895893,-2.750145,-3.936773,-3.077493,-2.519600
964.000000,-3.078352,-2.750274,-3.810180,-2.986427,-2.331382
965.000000,-2.988084,-2.645390,-3.587228,-2.814982,-1.821284
966.000000,-2.529981,-2.656907,-3.381601,-2.711864,-2.052664
967.000000,-2.328303,-2.639067,-3.226627,-2.618981,-1.946567
968.000000,-2.141628,-2.612515,-3.054172,-2.578786,-1.769691
969.000000,-1.979172,-2.562779,-2.864021,-2.537530,-1.659923
970.000000,-1.842989,-2.449287,-2.691342,-2.440591,-1.304721
971.000000,-1.647765,-2.132883,-2.519576,-2.351796,-1.159972
972.000000,-1.321010,-1.852954,-2.321440,-2.221364,-0.380288
973.000000,-0.916529,-1.550235,-2.080408,-2.063869,0.210953
974.000000,-0.445220,-1.238812,-1.851526,-1.911474,0.617175
975.000000,0.124402,-0.903653,-1.603897,-1.749149,1.351940
976.000000,0.740141,-0.513439,-1.393117,-1.573237,1.565191
977.000000,1.146695,-0.134590,-1.223082,-1.456730,1.394415
978.000000,1.377976,0.231312,-1.097499,-1.361673,1.230147
979.000000,1.534748,0.628251,-0.968495,-1.234199,1.340284
980.000000,1.525179,0.997232,-0.829965,-1.124330,1.329386
981.000000,1.461212,1.344997,-0.520837,-0.996260,1.300132
982.000000,1.457469,1.585302,-0.234029,-0.864148,1.399688
983.000000,1.483594,1.723953,0.079869,-0.680772,1.390575
984.000000,1.385814,1.732065,0.368732,-0.529503,0.950536
985.000000,1.304914,1.654607,0.651564,-0.359214,0.994647
986.000000,1.221756,1.549641,0.975372,-0.210208,0.939873
987.000000,1.128972,1.475447,1.313318,-0.041041,0.972355
988.000000,0.999404,1.401820,1.609291,0.098125,0.791780
989.000000,1.004940,1.345691,1.894235,0.299481,0.984380
990.000000,1.080046,1.339384,2.137485,0.650667,1.335479
991.000000,1.139420,1.320718,2.270587,1.357808,1.267861
992.000000,1.160130,1.274346,2.260484,1.947369,1.138548
993.000000,1.215199,1.227644,2.182409,2.416281,1.131233
994.000000,1.165110,1.187326,2.047941,2.634222,0.769817
995.000000,1.008228,1.121198,1.870330,2.649857,0.543954
996.000000,0.806119,1.035764,1.686216,2.599465,0.234092
997.000000,0.644634,0.963635,1.548671,2.536415,0.330346
998.000000,0.384081,0.876426,1.414306,2.419440,-0.178470
999.000000,0.245396,0.802784,1.308564,2.341320,0.133998
1000.000000,0.217797,0.719942,1.235628,2.274359,0.592232
1001.000000,0.243642,0.625567,1.165315,2.201929,0.440473
1002.000000,0.120281,0.490813,1.071707,2.071910,-0.508367
1003.000000,0.136513,0.328266,0.981007,1.935628,-0.659000
1004.000000,0.025430,0.201274,0.926964,1.807027,-0.608288
1005.000000,-0.598370,0.037487,0.853740,1.647274,-1.386543
1006.000000,-1.305774,-0.117583,0.780987,1.494309,-1.423533
1007.000000,-1.457122,-0.341556,0.710879,1.376262,-1.010859
1008.000000,-1.422302,-0.453063,0.664305,1.287184,-0.654086
1009.000000,-1.342901,-0.704150,0.601823,1.202116,-0.429314
1010.000000,-1.373004,-1.392476,0.455409,1.102406,-1.522229
1011.000000,-1.432840,-1.958134,0.277024,1.002737,-1.650465
1012.000000,-1.737539,-2.198184,0.043981,0.881207,-2.149377
1013.000000,-2.036408,-2.293579,-0.252271,0.754542,-1.985588
1014.000000,-2.171151,-2.276656,-0.532699,0.669269,-1.436981
1015.000000,-2.167085,-2.234293,-0.882061,0.560277,-1.803327
1016.000000,-1.924950,-2.047116,-1.164510,0.476291,-0.882851
1017.000000,-1.700198,-1.995718,-1.537008,0.365256,-1.250989
1018.000000,-1.444970,-1.938290,-1.736869,0.272071,-0.911371
1019.000000,-1.499090,-2.018509,-1.997602,0.098507,-1.679031
1020.000000,-1.419032,-1.955639,-2.161003,-0.166089,-1.501972
1021.000000,-1.526281,-1.885034,-2.183695,-0.489434,-1.483119
1022.000000,-1.201955,-1.571073,-1.964064,-0.757601,0.326607
1023.000000,-0.630513,-1.117074,-1.672016,-0.961828,2.080041
1024.000000,0.314842,-0.700526,-1.419659,-1.076119,2.250721
1025.000000,1.370728,-0.201707,-1.145412,-1.121541,2.136128
1026.000000,2.286038,0.201881,-0.884809,-1.066118,1.895832
1027.000000,2.574809,0.737985,-0.628654,-0.962056,1.978796
1028.000000,2.503977,1.327238,-0.338609,-0.655628,2.230294
1029.000000,2.528699,2.109849,0.039030,-0.297375,2.597902
1030.000000,2.538878,2.657077,0.538523,0.016541,2.454944
1031.000000,2.403152,2.832026,0.968976,0.262792,1.700524
1032.000000,2.184271,2.677180,1.376291,0.545693,1.260388
1033.000000,1.850441,2.359495,1.656482,0.747046,0.733686
1034.000000,1.608669,2.188902,1.958623,1.078455,1.376110
1035.000000,1.388032,2.055962,2.219236,1.462892,1.379355
1036.000000,1.321541,1.959231,2.328429,1.808745,1.378471
1037.000000,1.286899,1.836195,2.374712,2.014962,1.120267
1038.000000,1.390977,1.724492,2.385753,2.172338,1.282257
1039.000000,1.324488,1.557295,2.394035,2.232461,1.087036
1040.000000,1.215407,1.379694,2.344278,2.278360,0.880377
1041.000000,1.140481,1.300512,2.299621,2.314420,1.028427
1042.000000,1.085488,1.249609,2.172065,2.324060,0.871548
1043.000000,0.957443,1.231397,1.999742,2.287065,0.670329
1044.000000,0.905882,1.170560,1.866503,2.239872,0.841766
1045.000000,0.853312,1.086886,1.742252,2.192095,0.608358
1046.000000,0.660917,0.951595,1.610091,2.075016,0.066685
1047.000000,0.559336,0.877161,1.508830,2.016379,0.382076
1048.000000,0.389960,0.731166,1.373071,1.922940,-0.196080
1049.000000,0.161601,0.606057,1.223059,1.878746,-0.243924
1050.000000,-0.079124,0.483271,1.071102,1.831600,-0.566241
1051.000000,-0.354401,0.272021,0.939510,1.774715,-1.639400
1052.000000,-1.025856,-0.028556,0.799943,1.647892,-2.780316
1053.000000,-1.783122,-0.397307,0.675133,1.479856,-2.824320
1054.000000,-2.411542,-0.841949,0.512051,1.335136,-2.181548
1055.000000,-2.775686,-1.356082,0.312216,1.186161,-2.301596
1056.000000,-2.729241,-1.808200,0.083407,1.045584,-2.108156
1057.000000,-2.399657,-2.206833,-0.127386,0.918581,-1.558107
1058.000000,-2.025426,-2.339523,-0.373709,0.780914,-1.211155
1059.000000,-1.722041,-2.293215,-0.612827,0.615334,-0.858571
1060.000000,-1.553473,-2.248425,-0.915447,0.386868,-1.530351
1061.000000,-1.521722,-2.183240,-1.310295,0.149419,-1.945468
1062.000000,-1.574535,-2.048980,-1.668689,-0.082530,-1.796786
1063.000000,-1.600377,-1.874048,-1.918941,-0.273385,-1.399156
1064.000000,-1.709281,-1.781683,-2.126853,-0.575322,-1.498871
1065.000000,-1.636989,-1.655969,-2.197003,-0.898112,-1.252842
1066.000000,-1.474795,-1.546519,-2.158709,-1.238904,-1.173341
1067.000000,-1.292897,-1.468722,-2.111212,-1.523508,-0.923780
1068.000000,-1.149793,-1.404638,-1.999705,-1.774323,-0.683719
1069.000000,-0.956416,-1.363391,-1.895373,-1.937815,-0.536153
1070.000000,-0.978243,-1.347668,-1.850606,-2.088583,-1.376477
1071.000000,-0.951377,-1.255963,-1.768420,-2.159669,-1.053161
1072.000000,-1.101665,-1.235086,-1.701930,-2.204019,-1.649054
1073.000000,-1.145223,-1.179065,-1.590529,-2.144344,-0.823162
1074.000000,-1.288229,-1.141330,-1.528804,-2.111900,-1.158468
1075.000000,-1.130714,-1.076127,-1.434857,-2.030609,-0.515694
1076.000000,-1.017715,-1.008095,-1.348159,-1.924575,-0.374627
1077.000000,-0.942978,-1.063062,-1.337485,-1.894115,-1.484549
1078.000000,-1.167650,-1.188281,-1.361576,-1.852216,-1.854550
1079.000000,-1.260427,-1.316284,-1.391454,-1.810912,-1.521231
1080.000000,-1.612922,-1.365998,-1.393960,-1.781123,-1.839787
1081.000000,-1.914380,-1.420450,-1.347913,-1.726353,-1.187616
1082.000000,-1.770938,-1.331231,-1.290037,-1.644648,-0.620917
1083.000000,-1.282035,-1.288572,-1.231310,-1.543700,0.246278
1084.000000,-0.825418,-1.165375,-1.159984,-1.465706,0.348438
1085.000000,-0.002328,-1.029011,-1.070074,-1.363770,1.243984
1086.000000,0.599175,-0.916926,-0.988027,-1.274619,1.014496
1087.000000,0.694039,-0.763239,-0.980538,-1.242592,-0.309371
1088.000000,0.330768,-0.644139,-1.036777,-1.249139,-1.181051
1089.000000,0.003290,-0.546259,-1.106789,-1.267793,-0.952101
1090.000000,-0.620552,-0.355992,-1.094171,-1.251770,-0.817918
1091.000000,-1.493944,-0.436473,-1.161171,-1.231939,-1.677464
1092.000000,-1.919565,-0.671831,-1.168947,-1.219787,-1.736839
1093.000000,-1.823518,-0.979832,-1.239033,-1.214529,-1.037076
1094.000000,-2.126314,-1.584918,-1.362319,-1.240980,-2.192123
1095.000000,-2.186270,-2.164275,-1.510560,-1.262036,-1.442369
1096.000000,-1.846920,-2.421321,-1.602720,-1.259832,-0.600893
1097.000000,-1.776599,-2.540323,-1.647901,-1.315841,-1.524389
1098.000000,-1.989450,-2.563699,-1.703006,-1.418677,-2.000627
1099.000000,-1.781724,-2.492647,-1.738037,-1.515224,-1.398714
1100.000000,-1.808059,-2.463525,-1.753261,-1.558467,-1.614833
1101.000000,-2.009578,-2.344477,-1.826124,-1.630303,-1.589292
1102.000000,-1.898171,-2.188331,-1.898547,-1.628816,-1.293716
1103.000000,-1.617210,-2.090133,-2.001754,-1.677947,-0.958811
1104.000000,-1.411915,-1.823361,-2.048775,-1.670412,-0.597397
1105.000000,-1.162013,-1.673036,-2.154261,-1.706807,-0.547313
1106.000000,-0.932896,-1.649722,-2.230416,-1.754593,-0.605856
1107.000000,-0.799704,-1.529313,-2.188358,-1.721217,-0.735392
1108.000000,-0.747144,-1.350627,-2.076152,-1.656300,-0.763884
1109.000000,-0.685883,-1.203516,-1.953460,-1.586384,-0.351457
1110.000000,-0.658801,-1.043584,-1.857750,-1.502614,-0.450944
1111.000000,-0.322333,-0.718551,-1.625204,-1.378028,0.867312
1112.000000,0.055852,-0.425711,-1.409608,-1.287658,0.919312
1113.000000,0.326060,-0.243978,-1.297973,-1.283802,0.424632
1114.000000,0.279841,-0.241537,-1.189991,-1.349945,-0.619600
1115.000000,0.435589,-0.153295,-1.088616,-1.427830,0.159986
1116.000000,0.399683,0.009871,-1.022972,-1.475378,0.891666
1117.000000,0.522955,0.290330,-0.834498,-1.416631,1.797520
1118.000000,1.244224,0.784708,-0.476647,-1.229412,3.039253
1119.000000,1.994554,1.081676,-0.249146,-1.130204,1.575294
1120.000000,2.354113,1.423607,0.029553,-1.039164,1.514305
1121.000000,2.326059,1.517369,0.324091,-0.907813,1.229350
1122.000000,2.073511,1.561967,0.608795,-0.769531,1.031277
1123.000000,1.582947,1.688051,0.892705,-0.660005,1.112346
1124.000000,1.369240,1.871372,1.107693,-0.446602,0.795709
1125.000000,1.175650,1.866577,1.301517,-0.266928,0.748137
1126.000000,1.104098,1.806398,1.509513,-0.119440,0.970484
1127.000000,1.204774,1.738273,1.764830,0.273058,1.489761
1128.000000,1.289904,1.523788,1.969171,0.849363,1.513717
1129.000000,1.402789,1.469669,2.053836,1.368883,1.351179
1130.000000,1.577964,1.463555,2.131230,1.963724,1.609771
1131.000000,1.606993,1.430695,2.001720,2.343985,1.117806
1132.000000,1.555854,1.438212,1.889992,2.552265,1.241458
1133.000000,1.726799,1.565173,1.915227,2.690903,2.238258
1134.000000,1.714620,1.607819,1.938658,2.603260,1.273328
1135.000000,1.520439,1.594616,1.869717,2.456300,0.720604
1136.000000,1.446421,1.573421,1.788529,2.337519,0.730443
1137.000000,1.131091,1.392561,1.629101,2.182393,-0.324914
1138.000000,0.483312,1.188501,1.400819,2.047908,-0.628947
1139.000000,0.143929,1.060354,1.302846,1.940325,-0.092366
1140.000000,0.013515,0.934269,1.241254,1.878277,0.325337
1141.000000,-0.144289,0.861662,1.197128,1.737730,0.305265
1142.000000,-0.060124,0.717753,1.148653,1.602145,-0.042825
1143.000000,0.088904,0.361175,1.093881,1.516699,-0.163061
1144.000000,0.360088,0.268244,1.119807,1.549152,0.973527
1145.000000,0.652275,0.338618,1.180181,1.562928,1.527254
1146.000000,1.231819,0.557600,1.281325,1.589254,2.327764
1147.000000,1.850819,1.000209,1.322191,1.571440,1.752919
1148.000000,2.228536,1.430091,1.323059,1.469226,1.270464
1149.000000,2.118627,1.674102,1.323023,1.434436,1.010181
1150.000000,1.865873,1.761153,1.284801,1.403423,0.858527
1151.000000,1.533443,1.903911,1.314221,1.401240,1.155333
1152.000000,1.524466,2.222509,1.384277,1.439924,1.827261
1153.000000,1.718553,2.525088,1.365720,1.492210,2.046789
1154.000000,1.728654,2.412017,1.384041,1.523604,1.121005
1155.000000,1.912607,2.328959,1.530116,1.587207,1.690828
1156.000000,2.310229,2.344371,1.815167,1.709673,2.798715
1157.000000,2.275670,2.273642,2.101512,1.753178,1.843604
1158.000000,2.183173,2.283418,2.345787,1.790529,1.802382
1159.000000,2.269484,2.315563,2.466531,1.838553,1.817818
1160.000000,2.053264,2.227417,2.406155,1.809564,0.987210
1161.000000,1.333159,1.935557,2.218167,1.720567,-0.479158
1162.000000,1.255852,1.870095,2.261383,1.743191,1.383947
1163.000000,0.947631,1.646557,2.188249,1.621903,0.402816
1164.000000,0.650237,1.547750,2.056176,1.572288,0.498428
1165.000000,0.294464,1.274414,1.830667,1.491775,-0.563380
1166.000000,0.005317,0.736230,1.498690,1.337769,-1.645092
1167.000000,-0.772462,0.265870,1.208903,1.240011,-1.842659
1168.000000,-1.248596,-0.178749,0.996229,1.182652,-1.570004
1169.000000,-1.769444,-0.680021,0.781941,1.077571,-1.742626
1170.000000,-1.981438,-1.061621,0.581022,0.953090,-1.604020
1171.000000,-1.954580,-1.250856,0.341334,0.822628,-1.626307
1172.000000,-1.913248,-1.687689,0.010509,0.692350,-1.744513
1173.000000,-1.973006,-1.992786,-0.413314,0.530238,-1.918118
1174.000000,-1.702853,-2.071459,-0.619215,0.425772,-0.667175
1175.000000,-1.318372,-1.911843,-0.775716,0.370878,0.066881
1176.000000,-0.865739,-1.600086,-1.004394,0.294657,0.415321
1177.000000,-0.496324,-1.352323,-1.216234,0.171114,-0.060636
1178.000000,0.127241,-1.037418,-1.296441,0.211997,0.792899
1179.000000,0.619628,-0.617474,-1.281319,0.409844,1.420179
1180.000000,1.002194,-0.166760,-1.126817,0.736799,1.649847
1181.000000,1.168327,0.219558,-0.880904,0.990514,1.138153
1182.000000,1.425172,0.634565,-0.848204,1.220635,1.172273
1183.000000,1.478445,1.064055,-0.696837,1.429680,1.132994
1184.000000,1.363879,1.276029,-0.584346,1.779205,0.962072
1185.000000,1.242373,1.400881,-0.296585,2.074168,1.122380
1186.000000,1.215351,1.459016,0.130022,1.934385,1.050015
1187.000000,1.211842,1.580605,0.613903,1.986220,1.180885
1188.000000,1.309166,1.650824,1.125589,2.131723,1.581122
1189.000000,1.340326,1.586835,1.534913,2.016269,1.134356
1190.000000,1.365900,1.519954,1.896029,2.129863,1.263408
1191.000000,1.424116,1.527912,2.195107,2.498921,1.380704
1192.000000,1.533164,1.580272,2.472010,2.528143,1.726204
1193.000000,1.650108,1.687761,2.710023,2.765850,2.092707
1194.000000,1.779687,1.765300,2.706678,2.810298,1.815686
1195.000000,1.893409,1.828703,2.638219,2.917032,1.907021
1196.000000,1.938240,1.866744,2.530874,2.989257,1.773797
1197.000000,1.941948,1.895336,2.470528,2.999766,1.853361
1198.000000,1.834964,1.857976,2.350717,2.909677,1.617896
1199.000000,1.819627,1.883071,2.237808,2.842932,1.764563
1200.000000,1.728305,1.863019,2.109529,2.735041,1.462418
1201.000000,1.654719,1.830827,2.023104,2.637799,1.408092
1202.000000,1.568446,1.783166,1.950050,2.558073,1.423412
1203.000000,1.518625,1.703792,1.885661,2.488262,1.366035
1204.000000,1.428616,1.653604,1.836103,2.380644,1.332442
1205.000000,1.215238,1.508517,1.734892,2.218535,0.298860
1206.000000,1.069873,1.409518,1.673436,2.098688,0.664348
1207.000000,0.866267,1.279731,1.607207,2.006540,0.410385
1208.000000,0.656499,1.168324,1.533611,1.904473,0.358357
1209.000000,0.315919,0.975017,1.463404,1.777332,-0.282633
1210.000000,0.301300,0.848691,1.415888,1.677069,0.219284
1211.000000,0.141553,0.694119,1.356104,1.595942,-0.064965
1212.000000,0.085098,0.547109,1.295764,1.531859,0.169920
1213.000000,0.053928,0.409115,1.219246,1.479808,0.244732
1214.000000,0.157741,0.260704,1.156017,1.437942,0.186758
1215.000000,0.073928,0.213833,1.069459,1.386737,-0.205893
1216.000000,-0.095268,0.039241,0.959099,1.328076,-0.993110
1217.000000,-0.314223,-0.097174,0.839169,1.277080,-0.874461
1218.000000,-0.430510,-0.168506,0.753760,1.235393,-0.146756
1219.000000,-0.441914,-0.103495,0.663822,1.228668,0.376770
1220.000000,-0.457274,-0.162109,0.571491,1.211728,-0.153371
1221.000000,-0.178959,-0.149198,0.485272,1.200543,0.201838
1222.000000,-0.031629,-0.243183,0.355390,1.166515,-0.450147
1223.000000,-0.054586,-0.351714,0.216617,1.114082,-0.285835
1224.000000,-0.292038,-0.491444,0.039140,1.068464,-0.510320
1225.000000,-0.278448,-0.504966,-0.004987,1.018878,-0.101448
1226.000000,-0.457141,-0.401142,-0.149605,0.958022,-0.531380
1227.000000,-0.498343,-0.324402,-0.291215,0.872147,-0.635728
1228.000000,-0.803535,-0.528382,-0.541185,0.758900,-1.551203
1229.000000,-0.711723,-0.603687,-0.565690,0.650509,-0.070766
1230.000000,-0.889131,-0.677667,-0.777631,0.523126,-0.781529
1231.000000,-0.741294,-0.683590,-0.823599,0.408525,0.259602
1232.000000,-0.295758,-0.469860,-0.778904,0.305559,1.418195
1233.000000,0.404993,-0.354444,-0.786336,0.157839,0.854098
1234.000000,0.855368,-0.153813,-0.719488,-0.006267,1.298460
1235.000000,1.637437,-0.010327,-0.569206,-0.010619,1.095132
1236.000000,2.732987,0.704007,0.013247,0.065237,3.170996
1237.000000,3.043369,1.680767,0.577981,0.239683,2.852200
1238.000000,3.277123,2.970086,1.043685,0.512320,2.840369
1239.000000,3.088369,3.160551,1.277434,0.897646,1.978193
1240.000000,2.984611,3.235516,1.616270,1.240919,2.020722
1241.000000,2.365774,2.863054,1.677970,1.478575,0.711738
1242.000000,1.810594,2.444465,1.768296,1.582976,0.351011
1243.000000,1.208737,2.176840,1.789384,1.597168,0.135707
1244.000000,0.718242,1.910835,1.782991,1.528357,-0.202689
1245.000000,-0.091731,1.548283,1.552191,1.327594,-1.355973
