0.000000,5.385165,5.385165,5.385165,5.385165,1.813642
1.000000,3.777301,3.754572,3.762490,3.762053,2.031430
2.000000,3.081446,3.028028,3.037354,3.036212,2.149364
3.000000,2.645852,2.585891,2.596385,2.594063,1.652283
4.000000,2.332185,2.281594,2.292231,2.287301,1.543320
5.000000,2.089330,2.058572,2.063375,2.057693,1.576293
6.000000,1.899154,1.885141,1.886131,1.878794,1.790589
7.000000,1.740408,1.751171,1.741011,1.733057,1.807099
8.000000,1.614543,1.634241,1.611575,1.610263,1.579234
9.000000,1.508488,1.528236,1.502658,1.504220,1.539969
10.000000,1.405502,1.425936,1.404179,1.411541,1.273835
11.000000,1.307993,1.332263,1.315222,1.327509,1.328116
12.000000,1.215748,1.244132,1.235911,1.252233,1.258068
13.000000,1.137677,1.170688,1.166149,1.184566,1.270118
14.000000,1.063251,1.103083,1.102828,1.122959,1.190594
15.000000,1.035634,1.056606,1.054916,1.071242,2.336925
16.000000,1.032993,1.022028,1.016193,1.028408,2.873764
17.000000,1.023982,0.984009,0.981080,0.986481,2.361867
18.000000,1.010893,0.948969,0.946731,0.942666,2.022903
19.000000,1.002441,0.916539,0.912116,0.903317,1.886639
20.000000,0.947664,0.884143,0.873499,0.863422,1.445137
21.000000,0.868627,0.853078,0.835092,0.824538,1.362390
22.000000,0.797041,0.823497,0.796246,0.788395,1.184338
23.000000,0.731464,0.796459,0.764044,0.756964,1.100834
24.000000,0.664011,0.774324,0.735848,0.730306,0.998514
25.000000,0.612189,0.734325,0.712274,0.711027,0.925424
26.000000,0.560110,0.680467,0.694419,0.700919,0.831005
27.000000,0.519556,0.643859,0.694979,0.717207,0.785650
28.000000,0.524546,0.659886,0.765585,0.807343,1.020681
29.000000,0.986128,1.180099,1.547885,1.644159,1.172952
30.000000,0.975906,1.118147,1.535964,1.619223,0.843144
31.000000,0.931792,1.038227,1.509842,1.579492,0.552260
32.000000,0.948366,1.002193,1.500025,1.543737,0.832505
33.000000,0.628259,0.848325,1.432703,1.486661,-0.592527
34.000000,0.187620,0.670262,1.361652,1.428939,-0.940137
35.000000,-0.064352,0.553345,1.263622,1.392143,-0.278164
36.000000,-0.278239,0.432441,1.120816,1.347221,-0.351132
37.000000,-0.495723,0.349828,1.013307,1.312891,0.066781
38.000000,0.021661,0.407411,0.988133,1.332944,1.714866
39.000000,0.639738,0.434809,0.960354,1.351236,1.541826
40.000000,1.047289,0.487980,0.952452,1.374734,1.283081
41.000000,1.552883,0.639661,0.967090,1.407076,1.583541
42.000000,2.113921,0.880289,1.042045,1.467264,2.269804
43.000000,2.211935,1.405415,1.129745,1.524798,2.054423
44.000000,2.308422,2.020684,1.234156,1.581818,1.825778
45.000000,2.634914,2.648990,1.440424,1.625265,2.687753
46.000000,2.760871,3.070718,1.689244,1.636805,2.650871
47.000000,2.598626,3.132186,1.904496,1.647870,2.170545
48.000000,2.470638,2.912435,2.056994,1.664297,1.969397
49.000000,2.383316,2.723708,2.146831,1.674988,1.793581
50.000000,2.153330,2.581554,2.228697,1.704300,1.674045
51.000000,1.961061,2.455764,2.313969,1.741943,1.735809
52.000000,1.812239,2.277018,2.324945,1.773903,1.500741
53.000000,1.712318,2.154701,2.409546,1.808870,1.516149
54.000000,1.567064,2.026586,2.428517,1.819211,1.125828
55.000000,1.437887,1.845049,2.379822,1.825154,1.060661
56.000000,1.332882,1.695616,2.344533,1.842925,1.217839
57.000000,1.285252,1.598492,2.292216,1.859982,1.266511
58.000000,1.389149,1.605776,2.235145,1.907251,1.958520
59.000000,1.508668,1.596121,2.170968,1.921384,1.684747
60.000000,1.577216,1.566581,2.105501,1.927011,1.426347
61.000000,1.569515,1.508920,2.025027,1.927019,1.224806
62.000000,1.445186,1.416147,1.896616,1.881708,0.684223
63.000000,1.186140,1.324871,1.792759,1.886403,0.650587
64.000000,0.961925,1.269262,1.706596,1.893970,0.562376
65.000000,0.828537,1.247951,1.611833,1.890855,0.824846
66.000000,0.696992,1.198124,1.512759,1.881830,0.642428
67.000000,0.707791,1.151648,1.440325,1.866585,0.730079
68.000000,0.731384,1.020050,1.378691,1.811389,0.737392
69.000000,0.829159,0.927839,1.336148,1.773486,0.995963
70.000000,0.695496,0.794115,1.269189,1.721373,0.046155
71.000000,0.625579,0.686504,1.204966,1.672031,0.181810
72.000000,0.381893,0.604604,1.133140,1.593767,-0.588121
73.000000,0.088128,0.515436,1.060092,1.526754,-0.644809
74.000000,-0.329277,0.441687,1.017836,1.474637,-0.548472
75.000000,-0.360893,0.351973,0.996471,1.408827,0.145036
76.000000,-0.169269,0.381742,0.989879,1.357792,1.204380
77.000000,0.343265,0.415945,0.981117,1.321791,1.256680
78.000000,0.972442,0.487132,0.912090,1.295392,1.437087
79.000000,1.477011,0.497358,0.852463,1.272359,1.248732
80.000000,1.823462,0.793086,0.822623,1.259118,1.495228
81.000000,1.713345,0.989909,0.787802,1.228447,0.859509
82.000000,1.332855,1.189971,0.779173,1.187477,-0.187596
83.000000,1.029049,1.471480,0.798186,1.153715,0.274143
84.000000,0.420986,1.443639,0.764654,1.115966,-1.037519
85.000000,-0.480515,1.162557,0.643527,1.070162,-1.618271
86.000000,-1.275915,0.560952,0.509735,1.008579,-1.679578
87.000000,-1.520743,-0.021727,0.381761,0.958085,-0.952470
88.000000,-1.556257,-0.508540,0.304733,0.859590,-0.018283
89.000000,-0.941938,-0.603187,0.278590,0.799216,1.129709
90.000000,-0.482665,-1.099777,0.336888,0.715389,0.036500
91.000000,0.160677,-1.214001,0.451543,0.654326,0.525083
92.000000,0.780279,-0.848070,0.989885,0.682680,1.029127
93.000000,0.678044,-1.034421,1.293369,0.658586,-0.410607
94.000000,0.487385,-0.565593,1.790525,0.693150,0.528797
95.000000,0.434281,-0.103124,1.822682,0.647058,-0.144561
96.000000,0.346912,0.527102,1.573412,0.646827,0.210676
97.000000,-0.936795,-0.173060,-0.266140,0.319874,-2.944153
98.000000,-1.857933,-1.399067,-2.515569,-0.176054,-2.907620
99.000000,-2.552612,-2.483382,-3.446113,-0.791468,-2.204516
100.000000,-2.834822,-2.893997,-3.693241,-1.310961,-2.095565
101.000000,-3.056238,-3.193353,-3.608663,-1.923541,-2.284291
102.000000,-2.670378,-3.235575,-3.299212,-2.249449,-1.859800
103.000000,-2.346295,-3.056707,-3.116257,-2.453691,-1.776387
104.000000,-2.243590,-3.015427,-2.906322,-2.604093,-1.948662
105.000000,-2.146605,-2.893923,-2.709911,-2.705253,-1.837994
106.000000,-1.957340,-2.770002,-2.528802,-2.752731,-1.559108
107.000000,-1.711208,-2.390666,-2.350631,-2.644124,-0.847667
108.000000,-1.439506,-2.044600,-2.225091,-2.517405,-0.514119
109.000000,-1.143022,-1.807566,-2.174429,-2.403699,-0.496086
110.000000,-0.928477,-1.646339,-2.109927,-2.357945,-0.822322
111.000000,-0.774053,-1.481870,-2.077190,-2.291436,-0.876800
112.000000,-0.624171,-1.288667,-2.007025,-2.133812,-0.132287
113.000000,-0.577520,-1.127639,-1.909906,-2.041378,-0.267974
114.000000,-0.461765,-0.906426,-1.839212,-1.895979,0.060178
115.000000,-0.177157,-0.638721,-1.727395,-1.728888,0.457229
116.000000,0.034945,-0.436992,-1.670655,-1.610043,0.046941
117.000000,-0.222473,-0.483061,-1.591118,-1.625116,-1.267102
118.000000,-0.453834,-0.579095,-1.504722,-1.670818,-1.268013
119.000000,-0.831927,-0.721609,-1.473960,-1.765812,-1.598670
120.000000,-1.152589,-0.743616,-1.405724,-1.771484,-0.959848
121.000000,-1.363421,-0.746262,-1.318432,-1.782921,-0.863254
122.000000,-1.052376,-0.714151,-1.192181,-1.751514,0.331956
123.000000,-0.733150,-0.670512,-1.078413,-1.693319,0.294508
124.000000,-0.156609,-0.616997,-0.919723,-1.652172,0.921236
125.000000,0.258533,-0.672963,-0.779470,-1.619661,0.605774
126.000000,0.779846,-0.688871,-0.651046,-1.609485,0.743167
127.000000,1.034229,-0.407758,-0.561127,-1.488157,1.054638
128.000000,1.103013,-0.122905,-0.535726,-1.379531,0.325019
129.000000,1.092008,0.486399,-0.462708,-1.269362,0.998473
130.000000,1.416454,1.280482,-0.261541,-1.123287,1.812210
131.000000,1.828629,2.211037,0.046178,-0.922898,2.228427
132.000000,1.961343,2.452912,0.257129,-0.754407,1.682418
133.000000,2.064086,2.431963,0.466461,-0.601457,1.095863
134.000000,1.939600,2.182305,0.604986,-0.423745,0.752520
135.000000,1.649239,2.040967,0.663166,-0.224653,0.645242
136.000000,1.091983,1.853440,0.706164,-0.065612,-0.075333
137.000000,0.644887,1.654778,1.075283,0.030676,-0.067802
138.000000,0.348507,1.582166,1.474765,0.101734,0.001108
139.000000,0.074066,1.380725,1.853254,0.159321,-0.248588
140.000000,-0.362620,0.938423,1.874786,0.203905,-0.970037
141.000000,-0.685393,0.327489,1.777775,0.226251,-1.271004
142.000000,-1.732117,-0.783588,0.994559,-0.184997,-3.355906
143.000000,-2.529606,-1.745654,0.229957,-0.636515,-2.908060
144.000000,-2.678438,-2.176516,-0.365239,-0.991715,-1.700945
145.000000,-2.575032,-2.370875,-0.807915,-1.391084,-1.357903
146.000000,-2.406786,-2.362940,-1.179550,-1.700178,-1.101108
147.000000,-1.910340,-2.348459,-1.577830,-1.757860,-1.149695
148.000000,-1.430388,-2.287043,-1.776302,-1.720327,-0.888526
149.000000,-1.260910,-2.230376,-2.052369,-1.610383,-1.044709
150.000000,-1.221513,-2.149378,-2.379244,-1.645843,-1.226502
151.000000,-1.218792,-2.044983,-2.608804,-1.661682,-1.111307
152.000000,-1.186190,-1.744724,-2.661405,-1.825610,-1.048444
153.000000,-1.156243,-1.457249,-2.581927,-1.902806,-0.818855
154.000000,-1.111372,-1.330405,-2.480635,-2.021265,-0.884002
155.000000,-1.102921,-1.292156,-2.417548,-2.116101,-1.203814
156.000000,-1.207037,-1.333107,-2.359195,-2.230775,-1.571656
157.000000,-1.311508,-1.360810,-2.302949,-2.308285,-1.519951
158.000000,-1.487577,-1.433766,-2.267834,-2.326595,-1.641519
159.000000,-1.528112,-1.427828,-2.181246,-2.301178,-1.146634
160.000000,-1.560543,-1.437712,-2.104056,-2.329236,-1.404184
161.000000,-1.486610,-1.443094,-2.018093,-2.341919,-1.247008
162.000000,-1.309447,-1.391815,-1.802611,-2.275759,-0.641067
163.000000,-1.090998,-1.363506,-1.613995,-2.193660,-0.554830
164.000000,-1.043163,-1.364449,-1.527770,-2.134926,-0.881418
165.000000,-0.894105,-1.320594,-1.458471,-2.076785,-0.712759
166.000000,-0.676630,-1.195021,-1.385547,-1.988469,-0.219320
167.000000,-0.617096,-1.080631,-1.323441,-1.921623,-0.283792
168.000000,-0.439206,-0.885555,-1.257559,-1.845237,0.455431
169.000000,0.145330,-0.636393,-1.144107,-1.735242,1.850039
170.000000,0.803206,-0.297569,-1.030173,-1.626911,1.795590
171.000000,1.517678,0.128899,-0.917244,-1.518548,2.017393
172.000000,2.216852,0.570744,-0.786348,-1.315400,2.130097
173.000000,2.290799,0.957753,-0.695068,-1.137985,1.389540
174.000000,2.071876,1.455886,-0.577959,-1.009400,1.516225
175.000000,1.903532,1.848495,-0.419527,-0.898007,1.406006
176.000000,1.769966,2.085641,-0.181650,-0.789396,1.545420
177.000000,1.549665,2.194926,0.075670,-0.688332,1.225225
178.000000,1.595404,2.215775,0.451597,-0.577344,1.638117
179.000000,1.802749,2.197094,0.931441,-0.396968,2.382429
180.000000,1.878362,2.121413,1.458428,-0.210977,1.826592
181.000000,1.831157,1.995340,1.897455,-0.031218,1.441350
182.000000,1.716029,1.799699,2.094975,0.127107,0.856666
183.000000,1.586994,1.725232,2.226256,0.312636,1.055198
184.000000,1.377559,1.682732,2.344075,0.571444,1.325849
185.000000,1.274364,1.651869,2.366344,0.918123,1.320337
186.000000,1.193755,1.580404,2.287169,1.326487,1.079637
187.000000,1.222781,1.537330,2.207983,1.725285,1.044694
188.000000,1.275991,1.496046,2.121826,2.112207,1.353525
189.000000,1.257209,1.371281,1.986372,2.307647,1.248110
190.000000,1.247543,1.302343,1.886463,2.414493,1.281478
191.000000,1.278934,1.266169,1.794312,2.409897,1.215698
192.000000,1.257476,1.262958,1.686224,2.303570,0.882192
193.000000,0.943072,1.141144,1.559597,2.138068,-0.315934
194.000000,0.546291,0.956961,1.421612,2.005279,-0.842968
195.000000,0.065557,0.757957,1.298351,1.886510,-1.063129
196.000000,-0.407695,0.602578,1.193234,1.782145,-0.798663
197.000000,-0.923062,0.417207,1.103901,1.697779,-1.116279
198.000000,-1.378442,0.062356,0.960772,1.573272,-2.094806
199.000000,-1.684836,-0.355919,0.761532,1.420319,-1.942400
200.000000,-2.020543,-0.935602,0.552395,1.265564,-2.344417
201.000000,-2.222506,-1.500601,0.370140,1.128355,-1.836840
202.000000,-2.284737,-1.983205,0.210198,0.976668,-1.796310
203.000000,-2.060768,-2.124946,0.039508,0.874983,-1.311185
204.000000,-1.848905,-2.101634,-0.177640,0.771952,-1.111494
205.000000,-1.535794,-2.005660,-0.426223,0.677845,-0.930611
206.000000,-1.453556,-2.012458,-0.745876,0.533620,-1.454995
207.000000,-1.421124,-2.008681,-1.137564,0.377544,-1.626592
208.000000,-1.426594,-1.888426,-1.564585,0.187026,-1.367259
209.000000,-1.439778,-1.774633,-1.917911,-0.097465,-1.259964
210.000000,-1.513622,-1.645644,-2.180242,-0.398450,-1.382312
211.000000,-1.414305,-1.532222,-2.285483,-0.677696,-1.040805
212.000000,-1.155844,-1.356908,-2.242398,-0.869208,-0.410694
213.000000,-0.954050,-1.243053,-2.090941,-1.111165,-0.407812
214.000000,-0.785619,-1.162208,-1.929122,-1.411545,-0.446810
215.000000,-0.144893,-0.877900,-1.629922,-1.472040,1.651260
216.000000,0.432880,-0.546170,-1.399351,-1.476185,1.570491
217.000000,0.874970,-0.186188,-1.190801,-1.449832,1.496964
218.000000,1.271758,0.139301,-0.972164,-1.457448,1.297435
219.000000,1.780571,0.548557,-0.717608,-1.360191,1.867528
220.000000,1.904805,1.050131,-0.394131,-1.210407,2.197125
221.000000,2.003613,1.494329,-0.092770,-1.070567,2.021458
222.000000,2.074165,1.827300,0.224996,-0.914411,1.860016
223.000000,2.147249,2.111455,0.542084,-0.624968,1.826623
224.000000,2.076225,2.309969,0.869637,-0.282036,1.759840
225.000000,2.035121,2.291661,1.257414,0.171270,2.115370
226.000000,1.994165,2.249094,1.668679,0.611840,1.922704
227.000000,1.973662,2.202517,2.046015,1.104698,1.836782
228.000000,1.966771,2.178322,2.316303,1.696492,1.862361
229.000000,1.931326,2.090529,2.447377,2.172753,1.682209
230.000000,1.851369,2.002279,2.513948,2.552272,1.743820
231.000000,1.754430,1.913306,2.482816,2.690793,1.481129
232.000000,1.631053,1.825436,2.385698,2.696443,1.245250
233.000000,1.509582,1.752042,2.301231,2.637149,1.257646
234.000000,1.426990,1.692067,2.229705,2.559162,1.270102
235.000000,1.335188,1.608506,2.092851,2.476208,1.286603
236.000000,1.285649,1.539355,1.982397,2.416155,1.239214
237.000000,1.267420,1.471884,1.889414,2.357558,1.161496
238.000000,1.181204,1.368835,1.800714,2.268693,0.817656
239.000000,1.074223,1.275230,1.703940,2.184069,0.712862
240.000000,0.956199,1.172191,1.610023,2.117039,0.679899
241.000000,0.920350,1.132180,1.556084,2.070604,1.127077
242.000000,0.860824,1.099162,1.506379,2.002114,0.913305
243.000000,0.928148,1.083517,1.471296,1.953602,1.181326
244.000000,0.992956,1.048242,1.431618,1.906103,0.964944
245.000000,1.082976,1.012770,1.377408,1.815083,1.029030
246.000000,1.157987,1.019876,1.348509,1.754089,1.570550
247.000000,1.273889,1.029784,1.318597,1.701141,1.434689
248.000000,1.385964,1.118891,1.293701,1.669771,1.752076
249.000000,1.528738,1.225831,1.273855,1.627904,1.619237
250.000000,1.723773,1.374292,1.257880,1.591212,1.927310
251.000000,1.759606,1.446147,1.252754,1.561522,1.717550
252.000000,1.856526,1.568372,1.269859,1.544606,1.864480
253.000000,1.868266,1.647928,1.286088,1.528507,1.791792
254.000000,1.573808,1.592456,1.246789,1.481426,-0.128915
255.000000,1.204491,1.539224,1.208869,1.423694,-0.049490
256.000000,0.931085,1.452199,1.187444,1.380749,0.376649
257.000000,0.461875,1.329591,1.155125,1.331945,-0.200745
258.000000,-0.032140,1.157104,1.157358,1.280646,-0.140183
259.000000,-0.355098,0.842254,1.119478,1.211847,-1.546710
260.000000,-0.650768,0.457583,1.087304,1.139578,-1.246168
261.000000,-1.177240,-0.020737,0.976441,1.067101,-1.739005
262.000000,-1.579309,-0.609477,0.864671,1.001019,-1.870788
263.000000,-1.965529,-1.233786,0.697015,0.924909,-1.943611
264.000000,-2.012936,-1.525443,0.526975,0.838727,-1.882624
265.000000,-1.968973,-1.699442,0.363371,0.757198,-1.300618
266.000000,-1.803022,-1.859305,0.117205,0.671632,-1.149787
267.000000,-1.752272,-1.993753,-0.222527,0.554156,-1.683838
268.000000,-1.624954,-2.059105,-0.623362,0.462617,-1.397305
269.000000,-1.614669,-2.040452,-1.125372,0.336864,-1.822065
270.000000,-1.664664,-2.020551,-1.675752,0.198052,-1.597490
271.000000,-1.534014,-1.835949,-2.010004,0.044905,-0.677420
272.000000,-1.298687,-1.655081,-2.248160,-0.110450,-0.604972
273.000000,-1.291766,-1.578176,-2.449929,-0.409527,-1.357438
274.000000,-1.114574,-1.461830,-2.354791,-0.687959,-0.974217
275.000000,-1.028887,-1.433555,-2.288291,-1.062063,-1.174727
276.000000,-0.922810,-1.304981,-2.150383,-1.411826,-0.200022
277.000000,-1.046276,-1.247629,-2.091595,-1.862087,-1.194681
278.000000,-1.119709,-1.277785,-2.081863,-2.284644,-1.684046
279.000000,-1.225210,-1.236286,-1.986653,-2.483545,-1.456759
280.000000,-1.232121,-1.186689,-1.897980,-2.547820,-1.184141
281.000000,-1.357472,-1.187646,-1.770095,-2.484531,-0.724656
282.000000,-1.214138,-1.167682,-1.635173,-2.394105,-0.348693
283.000000,-0.872671,-1.034938,-1.492837,-2.288084,0.136663
284.000000,-0.523820,-0.945419,-1.364154,-2.108920,0.185600
285.000000,-0.097182,-0.792827,-1.256664,-1.956534,0.670027
286.000000,0.311232,-0.753220,-1.159404,-1.849988,0.927266
287.000000,0.654514,-0.572180,-1.039376,-1.748509,0.881281
288.000000,0.834117,-0.290638,-0.952040,-1.679138,0.672960
289.000000,1.286362,0.136182,-0.793349,-1.535632,1.736983
290.000000,1.735631,0.681540,-0.624196,-1.404979,2.068445
291.000000,2.219545,1.356558,-0.479861,-1.236812,2.528912
292.000000,2.464721,1.931941,-0.339593,-1.078597,2.080986
293.000000,2.536086,2.225468,-0.121705,-0.927205,1.681640
294.000000,2.420768,2.420542,0.108962,-0.760446,1.778558
295.000000,2.234486,2.425543,0.403278,-0.624151,1.578441
296.000000,1.910265,2.316481,0.598771,-0.504793,1.236671
297.000000,1.563013,2.134782,0.913024,-0.371439,0.626411
298.000000,1.278897,1.986926,1.329219,-0.255704,0.441775
299.000000,1.098833,1.844507,1.764859,-0.046039,0.971136
300.000000,0.768600,1.590320,1.968889,0.112098,0.096625
301.000000,0.628900,1.368819,2.083756,0.241932,0.630331
302.000000,0.695054,1.232122,2.112377,0.414357,0.926445
303.000000,0.879351,1.181352,2.080970,0.744073,1.260024
304.000000,0.910210,1.098580,2.026217,1.058286,1.113428
305.000000,1.085869,1.015189,1.925527,1.407622,0.926437
306.000000,1.065686,0.930446,1.804179,1.579633,0.578039
307.000000,0.901227,0.874091,1.681205,1.815404,0.165390
308.000000,0.714414,0.871597,1.613835,2.055476,0.406369
309.000000,0.386426,0.716971,1.459358,2.097547,-0.535115
310.000000,-0.024540,0.624536,1.281079,2.026259,-1.200327
311.000000,-0.298018,0.523047,1.112015,1.940841,-0.587100
312.000000,-0.349277,0.447527,1.005990,1.872673,0.292064
313.000000,-0.637216,0.244779,0.892026,1.757662,-0.461390
314.000000,-0.549191,0.070774,0.782676,1.681328,-0.006574
315.000000,-0.292709,-0.133622,0.668179,1.583133,-0.322040
316.000000,-0.406125,-0.404794,0.542535,1.470528,-1.067255
317.000000,-1.636832,-1.077021,0.310261,1.270714,-3.422512
318.000000,-2.267524,-1.821787,0.122888,1.145759,-2.345946
319.000000,-2.579303,-2.196249,-0.109229,1.003493,-1.594928
320.000000,-2.791633,-2.408960,-0.325176,0.801144,-2.041070
321.000000,-2.713463,-2.515873,-0.634289,0.545294,-1.787672
322.000000,-2.286563,-2.654969,-1.067915,0.262134,-1.928749
323.000000,-2.054831,-2.567655,-1.534739,-0.002960,-1.521188
324.000000,-1.896400,-2.459978,-1.883951,-0.279259,-1.031356
325.000000,-1.636759,-2.334724,-2.096638,-0.560927,-0.885674
326.000000,-1.201004,-2.060868,-2.083350,-0.728757,0.226880
327.000000,-0.560329,-1.528498,-1.917992,-0.762486,0.900435
328.000000,-0.135465,-1.223308,-1.843222,-0.842237,0.255566
329.000000,0.338332,-0.923804,-1.610469,-0.916908,0.921216
330.000000,0.517648,-0.695126,-1.462749,-0.984051,-0.150875
331.000000,0.308314,-0.555150,-1.431608,-1.188947,-0.647663
332.000000,0.001123,-0.341385,-1.439828,-1.398261,-0.378780
333.000000,0.080513,-0.035871,-1.326577,-1.509102,0.612586
334.000000,0.070059,0.252584,-1.232594,-1.537299,0.960269
335.000000,0.838534,0.817744,-0.967354,-1.315072,2.748314
336.000000,1.682101,1.178655,-0.688263,-1.088604,2.305885
337.000000,2.217013,1.354190,-0.253487,-0.868482,1.761018
338.000000,2.452872,1.659166,0.181015,-0.649198,1.923726
339.000000,2.449417,1.773763,0.564059,-0.368137,1.566844
340.000000,2.176307,2.041167,1.080010,0.017333,1.784511
341.000000,2.155869,2.386440,1.673942,0.468108,2.301913
342.000000,2.191155,2.557920,2.193297,0.856190,2.104246
343.000000,2.114285,2.520420,2.485931,1.263424,1.763467
344.000000,2.022993,2.404769,2.565093,1.566116,1.390833
345.000000,1.904732,2.178672,2.568125,1.871095,1.366910
346.000000,1.714597,2.030734,2.479546,2.184318,1.417859
347.000000,1.474351,1.891925,2.310021,2.481393,1.009185
348.000000,1.280160,1.744671,2.192139,2.566860,0.874301
349.000000,1.224100,1.674272,2.086708,2.575561,1.149942
350.000000,1.219528,1.614367,2.063062,2.591289,1.360822
351.000000,1.270459,1.541004,2.081016,2.583236,1.661242
352.000000,1.299495,1.429021,2.038838,2.512297,1.133007
353.000000,1.324887,1.336350,1.957721,2.415613,0.961282
354.000000,1.318456,1.298771,1.889675,2.322778,1.078543
355.000000,1.291771,1.280609,1.779424,2.249002,1.211804
356.000000,1.127946,1.230233,1.681148,2.134288,0.901436
357.000000,1.303047,1.330182,1.669545,2.074915,1.938744
358.000000,1.507076,1.442244,1.651431,2.042539,1.860520
359.000000,1.767260,1.569090,1.673071,2.018422,2.213825
360.000000,1.947971,1.656600,1.676561,2.019846,2.061840
361.000000,2.081743,1.664198,1.632351,2.012948,1.683489
362.000000,2.040775,1.742132,1.603791,2.002548,1.775704
363.000000,1.916980,1.778373,1.567619,1.951377,1.222090
364.000000,1.692371,1.785806,1.549818,1.898569,1.055747
365.000000,1.494427,1.783283,1.541912,1.817330,1.159619
366.000000,1.372687,1.808580,1.533252,1.754661,1.146012
367.000000,1.213604,1.722234,1.547101,1.710568,1.080762
368.000000,1.254894,1.677113,1.585951,1.678600,1.427480
369.000000,1.261763,1.550923,1.593021,1.648842,1.080882
370.000000,1.281167,1.451387,1.594788,1.619310,1.241300
371.000000,1.213381,1.352484,1.554831,1.559719,0.815574
372.000000,1.262303,1.291734,1.571305,1.523369,1.315362
373.000000,1.210171,1.287812,1.590364,1.497377,1.203396
374.000000,1.252320,1.312869,1.605192,1.491707,1.286320
375.000000,1.292052,1.343139,1.618665,1.494544,1.434822
376.000000,1.387842,1.358629,1.641001,1.492302,1.284627
377.000000,1.355702,1.367690,1.597749,1.504363,1.160894
378.000000,1.451135,1.389145,1.583730,1.538244,1.668261
379.000000,1.442933,1.403925,1.521599,1.547466,1.221754
380.000000,1.327253,1.363519,1.448562,1.536525,0.833535
381.000000,1.321791,1.412457,1.420588,1.523269,1.242057
382.000000,1.425252,1.445858,1.405482,1.545645,1.627348
383.000000,1.400286,1.490687,1.424636,1.573273,1.578997
384.000000,1.538449,1.556180,1.467065,1.603401,1.872077
385.000000,1.650026,1.549519,1.477147,1.610795,1.260135
386.000000,1.639416,1.543692,1.477282,1.624216,0.945777
387.000000,1.481136,1.535937,1.473855,1.589360,0.731788
388.000000,1.349709,1.469678,1.455018,1.561518,0.941946
389.000000,1.099597,1.453882,1.456232,1.511122,0.962008
390.000000,1.048346,1.502154,1.451523,1.468118,1.178307
391.000000,1.171322,1.525819,1.491373,1.452671,1.513651
392.000000,1.313331,1.473863,1.492297,1.428647,1.409679
393.000000,0.422587,0.935316,1.305318,1.314031,-2.745279
394.000000,-0.661863,0.234148,1.075150,1.189322,-2.970520
395.000000,-1.839525,-0.467065,0.799248,1.049081,-2.819349
396.000000,-2.686483,-1.045487,0.539340,0.923117,-2.219545
397.000000,-3.137090,-1.575799,0.250497,0.791106,-2.103877
398.000000,-2.816970,-2.042773,-0.141032,0.623113,-2.004258
399.000000,-2.422838,-2.316129,-0.489704,0.486946,-1.533248
400.000000,-2.111773,-2.517221,-0.854408,0.315704,-1.559995
401.000000,-1.924242,-2.636748,-1.297254,0.150659,-1.479152
402.000000,-1.692476,-2.624921,-1.712285,-0.050123,-1.121894
403.000000,-1.377250,-2.265061,-1.963109,-0.224340,-0.600192
404.000000,-1.019180,-1.858845,-2.050296,-0.354708,0.101228
405.000000,-0.661969,-1.503717,-2.030789,-0.525792,0.101060
406.000000,-0.287782,-1.211255,-1.939694,-0.692401,0.234258
407.000000,0.028369,-0.930678,-1.834999,-0.850464,0.296582
408.000000,0.168068,-0.694094,-1.785569,-1.112305,0.016033
409.000000,0.230119,-0.463495,-1.701080,-1.246511,0.379294
410.000000,0.287297,-0.225780,-1.642212,-1.318160,0.354412
411.000000,0.284926,-0.006888,-1.621967,-1.439725,0.221073
412.000000,0.203978,0.134427,-1.628621,-1.609155,-0.072324
413.000000,0.233448,0.235717,-1.408351,-1.683146,0.138849
414.000000,0.117915,0.208148,-1.207944,-1.789569,-0.146374
415.000000,0.041918,0.202200,-0.994409,-1.792635,0.029347
416.000000,0.043268,0.204639,-0.802092,-1.742374,0.251316
417.000000,0.078774,0.175795,-0.626732,-1.713028,0.071539
418.000000,0.157309,0.241882,-0.408086,-1.664166,0.495979
419.000000,0.362189,0.284236,-0.201102,-1.609861,0.720543
420.000000,0.612707,0.382154,0.063782,-1.552473,1.078387
421.000000,0.894896,0.559650,0.387543,-1.512436,1.409315
422.000000,1.368453,0.894900,0.778154,-1.442894,1.937432
423.000000,1.654340,1.185056,1.137256,-1.094425,1.743189
424.000000,1.782212,1.470066,1.398235,-0.681105,1.591826
425.000000,1.733468,1.619739,1.603014,-0.223955,1.295433
426.000000,1.623501,1.674155,1.735088,0.236067,1.169054
427.000000,1.361529,1.660984,1.748211,0.687315,0.614021
428.000000,1.106542,1.571888,1.743323,1.153577,0.433358
429.000000,0.908704,1.495782,1.683381,1.565513,0.643187
430.000000,0.806117,1.420080,1.633262,1.945800,0.855119
431.000000,0.596667,1.282236,1.544303,2.145346,0.134941
432.000000,0.561460,1.136461,1.514384,2.223793,0.384098
433.000000,0.350650,0.908782,1.403415,2.107504,-0.882719
434.000000,-0.087844,0.617661,1.317535,1.881439,-1.324894
435.000000,-0.628190,0.333430,1.233319,1.702149,-1.134066
436.000000,-1.077398,-0.054834,1.108517,1.499336,-1.615801
437.000000,-1.514821,-0.395881,1.013771,1.314228,-1.523734
438.000000,-1.568826,-0.703386,0.900065,1.200227,-1.229395
439.000000,-1.747824,-1.222682,0.706686,0.983964,-2.117560
440.000000,-2.194538,-1.922570,0.379256,0.688131,-2.960630
441.000000,-2.334600,-2.259832,0.023439,0.445570,-2.348754
442.000000,-2.317872,-2.411042,-0.397628,0.286230,-1.777162
443.000000,-2.344895,-2.399029,-0.886879,0.088358,-1.790417
444.000000,-2.302007,-2.393442,-1.463303,-0.120378,-2.058530
445.000000,-2.074348,-2.368888,-1.962924,-0.347415,-1.854390
446.000000,-2.113044,-2.407619,-2.448059,-0.715490,-2.447269
447.000000,-2.249707,-2.449732,-2.716474,-1.107648,-2.456155
448.000000,-2.363282,-2.498396,-2.825498,-1.571604,-2.443486
449.000000,-2.355361,-2.446307,-2.824070,-1.985974,-2.175423
450.000000,-2.275315,-2.282694,-2.735095,-2.279596,-1.725577
451.000000,-2.048278,-2.135506,-2.581591,-2.453295,-1.380079
452.000000,-1.771700,-2.006953,-2.434804,-2.534566,-1.041955
453.000000,-1.410557,-1.845702,-2.249662,-2.482299,-0.563157
454.000000,-1.014866,-1.648767,-2.064704,-2.364402,-0.141193
455.000000,-0.702842,-1.492183,-1.925991,-2.245502,-0.166145
456.000000,-0.310761,-1.229737,-1.754804,-2.087101,0.551350
457.000000,0.015007,-0.968394,-1.618091,-1.941618,0.488558
458.000000,0.293993,-0.662859,-1.494718,-1.802602,0.729923
459.000000,0.532958,-0.333357,-1.348475,-1.683986,0.964023
460.000000,0.783142,-0.029161,-1.181540,-1.595860,0.960105
461.000000,0.939928,0.293397,-1.019164,-1.485338,1.274231
462.000000,0.671376,0.358268,-1.012174,-1.523790,-0.913564
463.000000,0.415023,0.400769,-0.980976,-1.515723,-0.526088
464.000000,0.072555,0.376190,-0.938829,-1.504808,-0.578477
465.000000,-0.248060,0.374169,-0.894158,-1.493516,-0.401427
466.000000,-0.533333,0.333670,-0.769217,-1.445464,0.187994
467.000000,-0.308711,0.282721,-0.629593,-1.412681,0.052371
468.000000,-0.112866,0.222643,-0.440440,-1.382357,0.319156
469.000000,0.091877,0.106452,-0.236859,-1.334243,0.253434
470.000000,0.304318,0.010836,-0.020987,-1.238276,0.454358
471.000000,0.331394,-0.173852,0.186111,-1.165559,0.299217
472.000000,0.350374,0.006784,0.373768,-1.126288,0.126385
473.000000,0.257224,0.092632,0.506493,-1.097238,-0.067081
474.000000,0.195192,0.200343,0.602300,-1.047506,-0.004385
475.000000,0.180790,0.341931,0.782987,-0.978814,0.394940
476.000000,0.256429,0.412391,0.876957,-0.824880,0.621348
477.000000,0.324747,0.469659,0.943045,-0.633854,0.424959
478.000000,0.531954,0.541564,0.984686,-0.330932,0.847103
479.000000,0.727323,0.618812,0.910467,0.036020,0.837086
480.000000,0.860706,0.670720,0.813696,0.435568,0.906775
481.000000,0.983122,0.770498,0.643545,0.860155,1.019738
482.000000,1.179041,0.911784,0.971686,1.238428,0.922159
483.000000,0.880321,0.928174,1.007762,1.361906,-0.590759
484.000000,0.517559,0.952121,1.066114,1.372527,-0.547846
485.000000,0.105654,0.911085,1.104608,1.366987,-0.493374
486.000000,-0.403712,0.724447,0.995490,1.188951,-0.699193
487.000000,-0.919503,0.466975,0.893288,1.003060,-0.911261
488.000000,-0.961497,0.015580,0.754960,0.787260,-0.775214
489.000000,-1.164138,-0.563398,0.543310,0.477827,-1.306228
490.000000,-1.401990,-1.095846,0.264254,0.178309,-1.258655
491.000000,-1.595682,-1.602635,0.031701,-0.166515,-1.184190
492.000000,-1.658518,-2.036739,-0.182553,-0.099253,-1.287917
493.000000,-1.848210,-2.181688,-0.480243,-0.164219,-1.904403
494.000000,-1.570233,-2.090611,-0.663609,-0.120043,-0.730248
495.000000,-1.155556,-1.874478,-0.901872,-0.032810,0.195160
496.000000,-1.145102,-1.832624,-1.599776,-0.162735,-1.129431
497.000000,-0.964272,-1.655821,-2.079311,-0.218099,-0.500502
498.000000,-0.441232,-1.411669,-2.323259,-0.253345,0.292273
499.000000,-0.231875,-1.123059,-2.379265,-0.292006,0.161307
500.000000,-0.222252,-0.862623,-2.362099,-0.363309,0.231236
501.000000,0.146556,-0.623135,-2.330709,-0.389748,0.436851
502.000000,0.445951,-0.324714,-2.242899,-0.352185,0.765043
503.000000,0.387951,-0.032085,-1.999967,-0.351365,0.050194
504.000000,0.154119,-0.048324,-1.927468,-0.466358,-0.823957
505.000000,-0.359318,-0.366271,-2.028645,-0.820245,-1.824520
506.000000,-1.035016,-0.571091,-2.130926,-1.292863,-2.184941
507.000000,-1.408318,-0.650280,-1.995419,-1.498822,-0.913642
508.000000,-1.428111,-0.720731,-1.807711,-1.629240,-0.188627
509.000000,-1.274509,-0.763884,-1.570122,-1.705185,-0.126219
510.000000,-0.842833,-0.777937,-1.339611,-1.750323,0.170677
511.000000,-0.308496,-0.863821,-1.179953,-1.842881,-0.051556
512.000000,0.103399,-0.923659,-0.964362,-1.888825,0.769086
513.000000,-0.179097,-1.167410,-0.888088,-1.934525,-1.458548
514.000000,-0.143055,-1.102266,-0.819570,-1.882234,0.041497
515.000000,-0.058159,-0.760056,-0.824059,-1.822456,0.545650
516.000000,0.466188,-0.021362,-0.542039,-1.648814,1.565551
517.000000,0.575975,0.471766,-0.380154,-1.484972,1.035032
518.000000,1.337113,0.850511,-0.326460,-1.331905,0.966921
519.000000,1.502352,1.175099,-0.275778,-1.105252,0.726540
520.000000,1.470460,1.312275,-0.250173,-0.886209,0.580821
521.000000,1.161992,1.446489,-0.263273,-0.684203,0.566480
522.000000,1.050376,1.385522,-0.334126,-0.466210,0.668068
523.000000,0.970029,1.828363,-0.249967,-0.160203,0.658969
524.000000,0.863567,1.825911,0.015736,-0.034883,0.329421
525.000000,1.049585,1.900640,0.914415,0.071467,1.226136
526.000000,1.420576,1.903562,2.204772,0.437988,1.812437
527.000000,1.559095,1.898020,2.711367,0.665434,1.227622
528.000000,0.052710,0.746609,1.686750,0.110414,-3.358538
529.000000,-1.532807,-0.573713,0.454991,-0.557362,-3.198483
530.000000,-1.944681,-0.866431,0.219591,-0.703726,-0.454193
531.000000,-2.435356,-1.192073,-0.028342,-0.930334,-0.629929
532.000000,-2.513137,-1.332861,-0.256120,-1.122222,-0.101622
533.000000,-1.205863,-1.126153,0.508024,-0.984772,0.969574
534.000000,0.435421,-0.706157,1.076119,-0.542825,1.403977
535.000000,0.758644,-0.788915,1.120847,-0.031692,0.464336
536.000000,0.967880,-1.144461,0.754661,0.554399,-0.003050
537.000000,0.932145,-1.421840,0.421275,0.760516,-0.223921
538.000000,1.091588,-0.107886,0.803266,1.261201,1.404006
539.000000,1.109483,1.346611,1.308234,1.694689,1.428535
540.000000,1.510494,1.896491,1.910325,2.026400,1.584961
541.000000,1.965490,2.345130,2.377430,2.294690,1.522262
542.000000,2.328104,2.528453,2.620751,2.378383,1.445126
543.000000,2.118905,2.401947,2.643213,2.595366,1.099034
544.000000,1.991981,2.261042,2.730648,2.620708,1.272193
545.000000,1.784676,2.246616,2.597578,2.545586,1.037150
546.000000,1.556736,2.236621,2.341676,2.357948,0.833144
547.000000,1.210866,2.142701,2.069465,2.156709,0.244148
548.000000,0.984934,1.858988,2.494506,2.004451,0.282819
549.000000,0.737807,1.627047,2.809792,1.902674,0.351150
550.000000,0.503189,1.367067,2.597461,1.797147,0.161804
551.000000,0.418963,1.190693,2.513711,1.754936,0.519110
552.000000,0.303730,0.917944,2.297458,1.613959,-0.184524
553.000000,0.239707,0.745735,2.050627,1.519979,0.043463
554.000000,0.173884,0.556881,1.808544,1.464935,0.105256
555.000000,0.238873,0.453572,1.734936,1.398475,0.401956
556.000000,0.397990,0.498689,1.792747,1.382739,1.093146
557.000000,0.919914,0.748453,1.926286,1.480342,1.685434
558.000000,1.223983,0.903272,1.843683,1.824175,1.325936
559.000000,1.478062,1.025950,1.765871,2.133129,1.456939
560.000000,1.591857,1.128493,1.652151,2.138466,1.041135
561.000000,1.348039,1.034385,1.464203,2.083651,-0.309980
562.000000,0.973494,1.093488,1.316997,2.029980,-0.081971
563.000000,0.821354,1.216090,1.265536,1.963299,0.831344
564.000000,0.653311,1.340968,1.200256,1.875260,0.925965
565.000000,0.401080,1.348677,1.111508,1.822653,0.150732
566.000000,0.646514,1.305568,1.077871,1.821924,0.523908
567.000000,0.894326,1.200164,1.137638,1.849110,0.806284
568.000000,0.539580,0.954248,1.115946,1.709339,-0.578784
569.000000,0.508991,0.853763,1.181639,1.637974,0.903184
570.000000,0.599148,0.743584,1.245056,1.535870,0.451219
571.000000,0.781732,1.097156,1.315179,1.471286,1.219432
572.000000,0.838008,1.316443,1.469620,1.401744,0.991276
573.000000,1.261547,1.322028,1.597076,1.360806,1.035320
574.000000,1.449452,1.421126,1.756028,1.331596,1.620668
575.000000,1.441274,1.457206,1.780550,1.268989,0.551388
576.000000,1.115178,1.317486,1.671057,1.202626,0.033966
577.000000,0.879392,1.167164,1.483658,1.198264,0.101265
578.000000,0.779373,1.344453,1.396770,1.221534,0.658579
579.000000,0.794534,1.448465,1.401077,1.294146,1.686743
580.000000,1.529575,1.867514,1.639217,1.472584,2.962463
581.000000,2.229561,2.058477,1.972700,1.597179,2.456397
582.000000,2.557860,2.122416,2.121979,1.737329,1.691508
583.000000,2.709689,2.194432,2.166093,1.859822,1.764445
584.000000,2.778527,2.304124,2.271123,2.013559,2.323063
585.000000,2.466281,2.463751,2.362429,2.107559,1.822315
586.000000,2.293758,2.649194,2.390977,2.153223,1.917375
587.000000,2.189539,2.674509,2.332466,2.114727,1.596772
588.000000,1.960185,2.539794,2.300550,2.051471,1.051912
589.000000,1.546045,2.279157,2.145740,1.939214,0.561377
590.000000,1.328545,1.971461,2.069444,1.881124,0.846039
591.000000,1.320952,1.873175,2.059284,1.972732,1.872941
592.000000,1.080199,1.700453,1.958494,1.938435,0.517785
593.000000,0.853775,1.479851,1.835294,1.833369,-0.001254
594.000000,0.775793,1.233419,1.715728,1.749789,0.167617
595.000000,0.646195,1.053480,1.671745,1.713604,0.214404
596.000000,0.332721,0.898923,1.684652,1.683004,0.571921
597.000000,0.430557,0.824064,1.716721,1.664131,0.967095
598.000000,0.733355,0.853187,1.742973,1.712710,1.321683
599.000000,0.896382,0.892419,1.688873,1.682629,0.814327
600.000000,0.963987,0.855310,1.541506,1.655979,0.413829
601.000000,0.877833,0.633721,1.401535,1.596856,0.104893
602.000000,0.518371,0.512693,1.271241,1.524186,-0.646680
603.000000,0.170541,0.527864,1.172127,1.483680,-0.083325
604.000000,-0.131956,0.487277,1.016328,1.416623,-0.356150
605.000000,-0.331393,0.443483,0.893717,1.401638,-0.329326
606.000000,-0.279368,0.437126,0.800881,1.446961,0.472853
607.000000,-0.066877,0.326517,0.716109,1.485104,0.183799
608.000000,0.502511,0.372986,0.775400,1.572587,2.249317
609.000000,1.333509,0.506956,0.879041,1.608876,1.822152
610.000000,2.401757,0.876774,1.001085,1.589186,2.218439
611.000000,2.787294,1.415354,1.009526,1.578656,2.045244
612.000000,2.952641,2.221564,1.187963,1.605153,1.904359
613.000000,2.809619,2.935619,1.531083,1.659062,2.479552
614.000000,2.705569,3.288892,1.842984,1.653150,2.126183
615.000000,2.628874,3.365436,2.168189,1.691875,2.358789
616.000000,2.501386,3.135741,2.347346,1.694153,1.957428
617.000000,2.479900,3.018834,2.463295,1.740443,2.176383
618.000000,2.336135,2.772588,2.477734,1.817244,2.030721
619.000000,2.209510,2.590959,2.492411,1.906774,1.768476
620.000000,1.985283,2.383484,2.473300,1.944259,1.424559
621.000000,1.950468,2.291526,2.503142,1.935804,1.864942
622.000000,1.867201,2.217827,2.545093,2.005801,1.808615
623.000000,1.737163,2.069691,2.489212,2.065737,1.464948
624.000000,1.701361,1.989929,2.465961,2.118586,1.646225
625.000000,1.791159,1.934978,2.455808,2.176408,1.929597
626.000000,1.621009,1.816306,2.329741,2.136886,1.047647
627.000000,1.501493,1.709959,2.246074,2.094015,1.223147
628.000000,1.566072,1.682418,2.162984,2.075649,1.763488
629.000000,1.571261,1.666302,2.097077,2.069654,1.655365
630.000000,1.505725,1.673331,2.027391,2.069964,1.588673
631.000000,1.592032,1.636166,1.967421,2.071347,1.514061
632.000000,1.593930,1.578925,1.902795,2.074862,1.281036
633.000000,1.560388,1.589676,1.847358,2.075305,1.607792
634.000000,1.625450,1.622293,1.831159,2.099805,1.987282
635.000000,1.720572,1.632423,1.810934,2.116389,2.053681
636.000000,1.849179,1.733076,1.811497,2.111306,2.114113
637.000000,1.991650,1.800912,1.795921,2.100027,1.971329
638.000000,2.043628,1.810591,1.782020,2.053746,1.880685
639.000000,1.911059,1.778358,1.749619,1.995351,1.341898
640.000000,1.733912,1.737361,1.724443,1.931995,1.158539
641.000000,1.534911,1.701953,1.683513,1.877770,1.109527
642.000000,1.367785,1.693694,1.648231,1.832376,1.128806
643.000000,1.086176,1.594144,1.600400,1.757872,0.481654
644.000000,0.860421,1.432405,1.535473,1.689134,0.186303
645.000000,0.700560,1.278251,1.467340,1.626570,0.368062
646.000000,0.694496,1.179070,1.478284,1.601437,1.141027
647.000000,0.756584,1.122634,1.496642,1.582038,1.479366
648.000000,0.975765,1.069515,1.487723,1.566043,1.472598
649.000000,1.627246,1.260728,1.564142,1.610814,2.921514
650.000000,2.160988,1.472523,1.640288,1.660974,2.664626
651.000000,2.449485,1.689695,1.719833,1.698186,2.516069
652.000000,2.562940,1.867223,1.797552,1.727540,2.247294
653.000000,2.598367,2.066678,1.841667,1.758401,2.028899
654.000000,2.371397,2.236999,1.853416,1.776455,1.884947
655.000000,2.181581,2.336047,1.852407,1.779312,1.780509
656.000000,1.954531,2.308245,1.822308,1.794503,1.429513
657.000000,1.783021,2.257815,1.800293,1.803780,1.415334
658.000000,1.706283,2.239756,1.799967,1.806872,1.658477
659.000000,1.647073,2.102406,1.824157,1.811355,1.607374
660.000000,1.606129,1.988658,1.854222,1.817191,1.592138
661.000000,1.611136,1.875018,1.874610,1.819373,1.470767
662.000000,1.595034,1.776234,1.883629,1.823631,1.356731
663.000000,1.400408,1.630961,1.875541,1.787573,0.696359
664.000000,1.134506,1.460840,1.851178,1.723249,0.273405
665.000000,0.674606,1.205895,1.765284,1.621028,-0.680734
666.000000,0.164523,0.962451,1.643864,1.510736,-0.939097
667.000000,-0.182759,0.798623,1.564029,1.441527,-0.213813
668.000000,-0.334280,0.626466,1.504222,1.387187,0.026195
669.000000,-0.422298,0.435265,1.374006,1.348656,-0.110538
670.000000,-0.337087,0.213616,1.241355,1.312456,-0.286736
671.000000,-0.324361,-0.080420,1.071256,1.254569,-0.925481
672.000000,-0.387915,-0.322374,0.934364,1.218612,-0.497885
673.000000,-0.487165,-0.469013,0.812481,1.214924,-0.381998
674.000000,-0.675034,-0.626157,0.660593,1.205127,-0.952087
675.000000,-0.350404,-0.401268,0.646542,1.290326,1.450313
676.000000,0.167747,-0.129194,0.655260,1.352360,1.357540
677.000000,0.644479,0.058366,0.667902,1.408939,1.348428
678.000000,0.959861,0.135499,0.605595,1.442038,0.599105
679.000000,1.328198,0.207829,0.508946,1.397736,0.276737
680.000000,1.103112,0.380579,0.420115,1.368000,0.636253
681.000000,0.889317,0.699278,0.320005,1.329903,0.595567
682.000000,0.834573,1.040563,0.276172,1.325664,1.181326
683.000000,0.803007,1.215031,0.250650,1.289534,0.484679
684.000000,0.856942,1.453186,0.300818,1.255149,0.508412
685.000000,0.747720,1.203494,0.514790,1.200040,0.204023
686.000000,0.648538,0.989164,0.851602,1.167213,0.198701
687.000000,0.369629,0.769836,1.065359,1.118208,0.070882
688.000000,0.299158,0.705873,1.289508,1.037608,0.203693
689.000000,-0.175572,0.441655,1.164861,0.805975,-1.356086
690.000000,-0.650577,0.069386,0.912716,0.500268,-1.603070
691.000000,-1.044666,-0.254149,0.921241,0.185658,-1.289082
692.000000,-1.198824,-0.548855,0.974171,-0.067001,-0.488631
693.000000,-1.367517,-0.726809,0.952392,-0.235366,-0.464206
694.000000,-1.017769,-0.826988,1.274811,-0.291026,0.000130
695.000000,-0.672067,-0.919484,0.668586,-0.229997,-0.328012
696.000000,-0.416213,-1.002349,0.094830,-0.117886,-0.362839
697.000000,-0.192072,-0.934027,-0.237640,-0.028540,0.420998
698.000000,0.150557,-0.814039,-0.153359,0.094092,0.898560
699.000000,0.429581,-0.404971,0.120375,0.294848,1.070268
700.000000,0.580788,-0.089201,-0.039115,0.418680,0.209217
701.000000,0.486632,0.017513,-0.530638,0.544491,-0.799278
702.000000,0.103581,-0.069350,-1.311280,0.519419,-1.101356
703.000000,-0.537202,-0.231102,-1.867458,0.366243,-1.437512
704.000000,-1.175863,-0.449979,-2.246269,0.409790,-1.113578
705.000000,-1.545033,-0.632342,-2.428940,-0.262453,-1.237646
706.000000,-1.686960,-0.878190,-2.583377,-1.007031,-1.651710
707.000000,-1.605538,-1.141844,-2.518996,-1.541593,-1.083446
708.000000,-1.582250,-1.544084,-2.545763,-1.920059,-1.562035
709.000000,-1.438535,-1.738227,-2.158750,-1.966607,-0.494633
710.000000,-1.237686,-1.737460,-1.795986,-2.043790,-0.346239
711.000000,-0.624908,-1.421145,-1.365986,-1.900259,0.979839
712.000000,-0.089545,-1.084250,-1.090351,-1.873177,1.206605
713.000000,0.769477,-0.619652,-0.760301,-1.658480,1.739473
714.000000,1.476861,-0.114974,-0.461493,-1.418281,2.043757
715.000000,2.162247,0.585102,-0.053607,-1.070636,2.247818
716.000000,2.441941,1.513208,0.400871,-0.675390,2.272627
717.000000,2.635690,2.348883,0.818037,-0.124397,2.429137
718.000000,2.621082,2.973266,1.149912,0.446621,2.179288
719.000000,2.437865,3.034039,1.355100,1.278798,1.737158
720.000000,2.230886,2.940368,1.641080,2.014976,1.635509
721.000000,1.975556,2.666997,1.930990,2.382591,1.252711
722.000000,1.677819,2.433868,2.149955,2.454849,1.063929
723.000000,1.255265,2.111632,2.192326,2.330860,0.156563
724.000000,1.020479,1.890839,2.246348,2.249862,0.621751
725.000000,0.809793,1.687296,2.269128,2.214774,0.649162
726.000000,0.774523,1.549830,2.343229,2.233034,1.078478
727.000000,0.733026,1.368741,2.311798,2.139479,0.868708
728.000000,0.876158,1.206610,2.301153,2.017112,0.832543
729.000000,0.949676,1.110849,2.231992,1.919758,0.980883
730.000000,1.031558,1.037191,2.169419,1.910792,1.053300
731.000000,1.010204,1.003473,2.048810,1.956277,0.998278
732.000000,0.970951,0.957402,1.925277,1.972470,0.718085
733.000000,0.890236,0.985697,1.785213,1.973458,0.461598
734.000000,0.843503,0.994957,1.674890,1.969923,0.762209
735.000000,0.763775,0.991159,1.560915,1.960606,0.672123
736.000000,0.483717,0.830152,1.390522,1.904320,-0.464368
737.000000,0.350012,0.747818,1.246632,1.865723,0.051252
738.000000,0.206851,0.645895,1.104381,1.845609,-0.354412
739.000000,-0.144065,0.483851,0.969032,1.771621,-0.976654
740.000000,-0.772817,0.209208,0.794680,1.676475,-2.242857
741.000000,-1.198430,-0.119103,0.639935,1.547520,-2.177642
742.000000,-2.075792,-0.567806,0.450430,1.404593,-2.748073
743.000000,-2.764980,-1.157331,0.293453,1.230699,-2.848829
744.000000,-2.863461,-1.847992,0.106457,1.071067,-2.097214
745.000000,-2.505316,-2.366591,-0.054157,0.929933,-1.290839
746.000000,-2.346409,-2.564072,-0.339216,0.735592,-1.790861
747.000000,-2.279012,-2.771849,-0.719562,0.437233,-2.436688
748.000000,-2.164745,-2.759060,-1.136358,0.098140,-2.297295
749.000000,-2.124241,-2.635300,-1.564106,-0.242076,-1.976365
750.000000,-2.123993,-2.417970,-1.913089,-0.576509,-1.510949
751.000000,-2.053693,-2.273138,-2.179662,-0.906751,-1.562702
752.000000,-1.881831,-2.129284,-2.320801,-1.235558,-1.611432
753.000000,-1.683020,-1.958975,-2.343201,-1.436759,-1.377169
754.000000,-1.574827,-1.877324,-2.362747,-1.681385,-1.480468
755.000000,-1.547380,-1.859972,-2.336727,-1.879014,-1.417380
756.000000,-1.548290,-1.826190,-2.243846,-2.076408,-1.589442
757.000000,-1.512954,-1.724382,-2.185174,-2.178337,-1.466553
758.000000,-1.566097,-1.658736,-2.136414,-2.249483,-1.653430
759.000000,-1.677383,-1.665803,-2.108937,-2.323709,-2.008109
760.000000,-1.828919,-1.730688,-2.073836,-2.371978,-2.141089
761.000000,-1.917784,-1.774570,-2.044017,-2.374326,-2.031579
762.000000,-1.910867,-1.749174,-1.967349,-2.307116,-1.490384
763.000000,-1.999796,-1.820232,-1.935670,-2.276502,-2.099351
764.000000,-1.988331,-1.863337,-1.921444,-2.249158,-1.950434
765.000000,-1.985570,-1.930259,-1.947072,-2.229148,-2.111968
766.000000,-2.159846,-2.065196,-2.006677,-2.224247,-2.760454
767.000000,-2.341864,-2.163664,-2.017088,-2.221165,-2.424641
768.000000,-2.291233,-2.177729,-1.994133,-2.185890,-1.924678
769.000000,-2.168130,-2.104446,-1.949602,-2.123797,-1.425625
770.000000,-2.068644,-2.046796,-1.938658,-2.071227,-1.618100
771.000000,-1.831805,-1.992877,-1.922023,-2.026305,-1.540831
772.000000,-1.616453,-1.966108,-1.893693,-1.970938,-1.361649
773.000000,-1.466468,-1.873295,-1.867699,-1.909880,-1.196755
774.000000,-1.333857,-1.756045,-1.816581,-1.848650,-0.769166
775.000000,-1.122314,-1.614010,-1.763178,-1.800742,-0.545117
776.000000,-0.929170,-1.410367,-1.711630,-1.751299,-0.573264
777.000000,-0.775148,-1.233957,-1.671652,-1.694236,-0.618568
778.000000,-0.783898,-1.169076,-1.661816,-1.668411,-1.284645
779.000000,-0.970642,-1.194405,-1.657244,-1.664790,-1.648318
780.000000,-1.211406,-1.198896,-1.646263,-1.671863,-1.651352
781.000000,-1.384982,-1.183169,-1.624864,-1.667137,-1.383699
782.000000,-1.504273,-1.167010,-1.617139,-1.654600,-1.188216
783.000000,-1.507941,-1.180310,-1.587817,-1.653635,-1.286545
784.000000,-1.398517,-1.226195,-1.556360,-1.645028,-1.096739
785.000000,-1.198216,-1.254597,-1.497399,-1.625676,-0.634313
786.000000,-1.062485,-1.286728,-1.401636,-1.606437,-0.687864
787.000000,-0.970798,-1.320645,-1.318559,-1.593836,-0.704531
788.000000,-0.825165,-1.272646,-1.258050,-1.575967,-0.592621
789.000000,-0.612670,-1.133322,-1.208899,-1.537237,-0.047006
790.000000,-0.531612,-0.992587,-1.151866,-1.499007,-0.190654
791.000000,-0.370033,-0.855820,-1.089467,-1.459671,0.080596
792.000000,-0.142524,-0.723138,-1.034321,-1.438351,0.309299
793.000000,0.160131,-0.519103,-0.980526,-1.391102,0.659185
794.000000,0.271570,-0.340176,-0.972389,-1.356275,0.344317
795.000000,0.706669,-0.107233,-0.951663,-1.296124,1.357250
796.000000,1.082046,0.222138,-0.921395,-1.193160,1.362280
797.000000,1.451613,0.700543,-0.861405,-1.080991,1.777034
798.000000,1.603438,1.147336,-0.735788,-0.990576,1.442302
799.000000,1.906148,1.541034,-0.518598,-0.910330,1.830384
800.000000,1.673173,1.693689,-0.324689,-0.842359,0.601377
801.000000,1.433495,1.712575,-0.133490,-0.774700,0.450390
802.000000,0.968962,1.558801,0.020327,-0.731902,-0.213544
803.000000,0.648738,1.411786,0.246889,-0.687377,0.050789
804.000000,0.263279,1.352799,0.501430,-0.669175,0.213315
805.000000,0.159868,1.161847,0.711243,-0.672790,0.174541
806.000000,0.369660,1.157974,1.112581,-0.628313,1.368362
807.000000,0.822750,1.142105,1.605967,-0.560404,1.639374
808.000000,1.279529,1.214204,2.074318,-0.378263,1.882989
809.000000,1.403847,1.057213,2.175362,-0.151310,0.902422
810.000000,1.423066,1.016166,2.148468,0.125867,0.476360
811.000000,1.085309,0.911280,1.982013,0.397856,-0.194102
812.000000,0.691661,0.896703,1.803329,0.716891,-0.282168
813.000000,0.313228,0.921310,1.678911,1.208233,0.348827
814.000000,0.213146,0.956789,1.631044,1.719738,0.618482
815.000000,0.244858,1.017044,1.517756,2.047541,0.693814
816.000000,0.514105,0.946019,1.423366,2.247488,0.841026
817.000000,0.884740,0.863863,1.306534,2.312784,1.015125
818.000000,1.012083,0.680735,1.202839,2.258377,0.670108
819.000000,0.958182,0.611349,1.039842,2.103919,0.260384
820.000000,0.861310,0.612100,1.000206,1.995329,0.171589
821.000000,0.362273,0.592587,0.907438,1.823979,-1.053189
822.000000,-0.148993,0.665437,0.914092,1.701362,-0.614198
823.000000,-0.595366,0.563943,0.894769,1.578085,-0.636159
824.000000,-1.047589,0.254490,0.847935,1.494488,-0.978482
825.000000,-1.047920,0.120039,0.896138,1.407977,0.237953
826.000000,-0.664614,-0.295345,0.804162,1.307982,0.059175
827.000000,-0.535467,-1.349320,0.637757,1.146632,-0.260474
828.000000,-0.403837,-2.226005,0.366642,1.009889,-0.268183
829.000000,-0.126976,-2.340938,0.221414,0.833079,-0.164456
830.000000,-0.034553,-1.977278,0.212461,0.814368,0.564116
831.000000,0.216129,-0.852619,0.385030,0.823703,0.799656
832.000000,-0.257386,-1.343072,0.276732,0.778767,-1.682210
833.000000,-0.924628,-2.007962,-0.157248,0.675132,-2.159825
834.000000,-1.063940,-1.626312,-0.477372,0.656144,-0.466074
835.000000,-1.547567,-1.934685,-1.059005,0.643823,-0.651704
836.000000,-2.051461,-2.120693,-1.974330,0.475152,-0.768488
837.000000,-1.141663,-1.584948,-2.332188,0.352417,0.885616
838.000000,0.074329,-0.968331,-2.074515,0.160975,1.485210
839.000000,0.340141,-0.810570,-1.972249,0.015580,0.263450
840.000000,1.468785,-0.218151,-1.307964,0.164832,2.270382
841.000000,1.942074,-0.323939,-0.752077,0.319668,0.572936
842.000000,1.450735,0.203680,-0.616835,0.429223,-0.314588
843.000000,0.704762,0.788611,-0.610768,0.258200,-0.796149
844.000000,0.708943,1.058106,-0.204182,0.135118,0.257009
845.000000,-0.064978,1.365556,-0.273894,-0.153962,0.072630
846.000000,-0.663930,1.284673,-0.656173,-1.119845,-1.203187
847.000000,-1.284210,0.176518,-1.212815,-2.421020,-2.094241
848.000000,-1.649632,-1.067142,-1.654478,-2.920569,-1.776783
849.000000,-2.152736,-1.665656,-1.929494,-2.933928,-1.375190
850.000000,-2.544309,-2.777304,-2.377690,-2.941816,-1.592685
851.000000,-2.358062,-2.908623,-2.601014,-2.609770,-1.134987
852.000000,-1.795069,-2.650654,-2.150665,-2.344710,-0.394588
853.000000,-1.539618,-2.494491,-1.819437,-2.243644,-0.985885
854.000000,-1.202846,-2.374228,-1.735710,-1.992923,-0.223079
855.000000,-0.749618,-2.201022,-1.612600,-1.955614,0.037367
856.000000,-0.530007,-1.936300,-1.551753,-1.952000,-0.344766
857.000000,-0.287267,-1.410447,-1.626727,-1.758897,0.490469
858.000000,-0.124580,-1.142348,-1.923937,-1.715427,-0.409013
859.000000,0.512097,-0.481671,-1.455404,-1.324844,1.939550
860.000000,1.065442,0.229478,-1.418389,-1.073013,1.852048
861.000000,1.439629,0.677589,-1.291572,-1.014013,1.028822
862.000000,1.648374,1.046223,-0.908630,-0.534653,1.370000
863.000000,2.164461,1.624716,-0.196926,0.189162,2.036393
864.000000,2.054847,1.953830,0.315495,0.650673,1.853811
865.000000,1.738621,1.976601,0.560027,0.941427,0.817414
866.000000,1.421906,1.871269,0.752289,1.029121,-0.185544
867.000000,0.887080,1.568280,0.939320,0.719560,-0.837045
868.000000,0.210870,1.429995,1.077844,0.346599,-0.797078
869.000000,-0.404729,1.016042,1.178728,0.178716,-0.615522
870.000000,-0.846217,0.566666,1.244362,-0.381692,-0.987532
871.000000,-0.952418,0.308393,1.322006,-0.617708,-0.618617
872.000000,-0.703559,0.127074,1.445479,-0.556395,0.179016
873.000000,-0.475086,-0.177579,1.662327,-0.422773,0.121634
874.000000,-0.231444,-0.433842,1.767385,-0.402209,0.366770
875.000000,0.197031,-0.452834,1.883223,-0.238212,0.748131
876.000000,-0.122015,-0.740501,1.437428,-0.564861,-1.805006
877.000000,-0.850228,-1.048267,0.640068,-0.949960,-2.435118
878.000000,-1.247160,-1.152457,0.322490,-1.020422,-1.381978
879.000000,-1.532555,-1.184283,-0.348442,-0.989947,-0.867264
880.000000,-2.054882,-1.308303,-1.232596,-1.163871,-1.637400
881.000000,-2.003066,-1.496502,-1.888743,-1.449253,-1.685621
882.000000,-1.870485,-1.823759,-2.504427,-1.940575,-1.943186
883.000000,-1.880214,-2.021206,-2.867872,-2.114639,-1.561819
884.000000,-1.935678,-2.165616,-2.974708,-2.299620,-1.368170
885.000000,-1.685722,-2.204420,-2.789537,-2.295994,-0.724160
886.000000,-1.400536,-1.945337,-2.525215,-2.184814,-0.494956
887.000000,-0.897793,-1.540898,-2.181429,-2.029818,0.262358
888.000000,-0.561848,-1.344627,-1.965979,-1.873637,-0.082630
889.000000,-0.214634,-1.193849,-1.781064,-1.961783,0.133262
890.000000,0.088316,-0.910225,-1.550059,-1.947950,0.601757
891.000000,0.356673,-0.619926,-1.373662,-1.839554,0.658889
892.000000,0.442667,-0.289350,-1.281773,-1.796302,0.641522
893.000000,0.739653,0.064350,-1.152638,-1.788075,1.159761
894.000000,1.002453,0.411316,-1.059414,-1.800389,1.192567
895.000000,1.294523,0.760846,-0.950345,-1.655266,1.781337
896.000000,1.574497,1.100377,-0.643024,-1.426640,1.718576
897.000000,1.945950,1.404708,-0.202374,-1.038047,2.161980
898.000000,2.113487,1.758948,0.165495,-0.620420,2.069735
899.000000,2.933296,2.518394,0.962242,0.538258,4.031647
900.000000,3.244325,2.924204,1.817320,1.795039,3.359557
901.000000,3.289154,3.061765,2.475104,2.686591,2.864087
902.000000,3.156639,3.039972,2.857303,3.057670,2.449493
903.000000,3.004755,2.930281,2.983699,3.152928,2.178787
904.000000,2.605974,2.807438,2.965735,3.087985,1.934997
905.000000,2.318409,2.686112,2.881406,2.984440,1.886107
906.000000,2.119052,2.591688,2.783627,2.964343,1.868553
907.000000,1.958521,2.475942,2.648366,2.904602,1.690686
908.000000,1.826491,2.370398,2.536665,2.786515,1.562367
909.000000,1.720218,2.156257,2.428278,2.658643,1.441577
910.000000,1.604354,1.969016,2.319336,2.558662,1.320463
911.000000,1.498491,1.822882,2.232886,2.476848,1.340990
912.000000,1.407341,1.701741,2.155368,2.403556,1.240720
913.000000,1.323000,1.596839,2.078068,2.324524,1.146379
914.000000,1.253081,1.511594,2.013575,2.250374,1.094068
915.000000,1.194496,1.426862,1.948482,2.171354,1.025955
916.000000,1.121454,1.338900,1.891948,2.098391,0.978036
917.000000,1.075762,1.271558,1.838108,2.027260,1.016954
918.000000,1.010997,1.197857,1.781458,1.962640,0.818881
919.000000,0.945005,1.131148,1.669973,1.903521,0.758925
920.000000,0.879049,1.070720,1.564960,1.845703,0.688460
921.000000,0.817328,1.004651,1.471599,1.796302,0.664458
922.000000,0.724549,0.939737,1.388838,1.752580,0.559978
923.000000,0.659216,0.877954,1.314552,1.709918,0.480643
924.000000,0.587642,0.813315,1.249134,1.674404,0.382012
925.000000,0.524931,0.753534,1.186142,1.640390,0.359867
926.000000,0.523496,0.722709,1.133313,1.621874,0.763090
927.000000,0.628176,0.711373,1.099806,1.609309,1.349673
928.000000,0.717045,0.698680,1.059684,1.591026,1.109072
929.000000,0.678923,0.629042,1.001308,1.509864,-1.023416
930.000000,0.698871,0.577958,0.954249,1.434409,-0.449859
931.000000,0.129949,0.444302,0.878508,1.350601,-2.271548
932.000000,-1.216656,0.283929,0.801795,1.274496,-2.242977
933.000000,-2.160619,0.097684,0.729261,1.206955,-1.839000
934.000000,-2.543151,-0.208430,0.641200,1.141066,-2.339650
935.000000,-2.692328,-0.606938,0.560932,1.080536,-1.468348
936.000000,-2.481853,-1.466785,0.458494,1.008123,-1.864756
937.000000,-2.076884,-2.411461,0.349662,0.947860,-0.954815
938.000000,-1.675527,-2.576574,0.261822,0.895557,-0.362606
939.000000,-1.357571,-2.419222,0.136182,0.836280,-1.007346
940.000000,-1.489297,-2.479735,-0.063548,0.762518,-1.954242
941.000000,-1.486715,-2.291244,-0.328963,0.675438,-1.799769
942.000000,-3.179524,-3.084790,-1.237959,0.416778,-4.769299
943.000000,-3.843142,-3.434918,-2.338282,0.093792,-3.746629
944.000000,-3.747116,-3.373374,-3.039983,-0.267029,-2.852238
945.000000,-3.556267,-3.316652,-3.290732,-0.720239,-2.693930
946.000000,-3.364301,-3.187257,-3.271015,-1.237723,-2.413628
947.000000,-2.873178,-3.067688,-3.158345,-1.768656,-2.150637
948.000000,-2.500268,-2.948184,-2.990093,-2.184861,-1.918582
949.000000,-2.276405,-2.821616,-2.814961,-2.451832,-1.812094
950.000000,-2.068760,-2.686613,-2.682307,-2.565311,-1.695603
951.000000,-1.897885,-2.572123,-2.547174,-2.574291,-1.593452
952.000000,-1.762456,-2.317437,-2.435204,-2.521857,-1.504785
953.000000,-1.661358,-2.106774,-2.346138,-2.446628,-1.440853
954.000000,-1.544775,-1.944723,-2.252137,-2.353579,-1.257223
955.000000,-1.435366,-1.790598,-2.177758,-2.266098,-1.168350
956.000000,-1.324377,-1.651282,-2.102203,-2.194661,-1.052642
957.000000,-1.212613,-1.528495,-2.042179,-2.137206,-0.955128
958.000000,-1.111766,-1.429127,-1.997256,-2.078096,-0.946371
959.000000,-1.047463,-1.340865,-1.952592,-2.012239,-0.943895
960.000000,-0.982369,-1.254942,-1.899519,-1.956938,-0.849282
961.000000,-0.941184,-1.179205,-1.855225,-1.898935,-0.850295
962.000000,-0.917389,-1.110336,-1.736782,-1.849612,-0.834144
963.000000,-0.816428,-1.008431,-1.606479,-1.792105,-0.429894
964.000000,-0.707634,-0.923148,-1.502522,-1.739464,-0.395639
965.000000,-0.616899,-0.847044,-1.402618,-1.701682,-0.393447
966.000000,-0.510477,-0.778055,-1.310244,-1.665300,-0.333559
967.000000,-0.368955,-0.705399,-1.222434,-1.636941,-0.159421
968.000000,-0.327652,-0.637302,-1.149331,-1.622233,-0.214951
969.000000,-0.265336,-0.555096,-1.076764,-1.605643,-0.043227
970.000000,-0.140499,-0.459474,-1.001545,-1.582326,0.374132
971.000000,0.043400,-0.340904,-0.927742,-1.565358,1.426797
972.000000,0.386192,-0.159618,-0.839868,-1.474685,2.613255
973.000000,1.233322,0.052618,-0.725759,-1.368854,3.407185
974.000000,2.350724,0.329844,-0.614471,-1.278753,2.884292
975.000000,3.115933,0.783430,-0.475000,-1.171519,3.101644
976.000000,3.068333,1.340140,-0.334514,-1.070133,2.374274
977.000000,2.781314,1.886044,-0.192039,-0.976568,1.826216
978.000000,2.469452,2.368494,-0.010532,-0.878949,1.920411
979.000000,2.199654,2.511269,0.199204,-0.781008,1.552134
980.000000,1.935048,2.472082,0.457422,-0.669117,1.714929
981.000000,1.799205,2.382198,0.778525,-0.544135,1.695762
982.000000,1.743567,2.248235,1.149171,-0.405022,1.586557
983.000000,1.703621,2.095378,1.483555,-0.235923,1.724408
984.000000,1.622018,1.929672,1.743157,-0.072149,1.193268
985.000000,1.524902,1.753034,1.935942,0.121159,1.241883
986.000000,1.412761,1.627826,2.027530,0.337368,1.140941
987.000000,1.315745,1.550981,2.027102,0.580761,1.105304
988.000000,1.166716,1.457139,1.991876,0.855467,0.993742
989.000000,1.119108,1.396869,1.931814,1.156422,0.957290
990.000000,1.006809,1.295387,1.844148,1.421992,0.677012
991.000000,1.028954,1.253080,1.804404,1.692337,1.271145
992.000000,1.064988,1.222512,1.749884,1.891406,1.308676
993.000000,1.090409,1.155580,1.659997,1.949492,1.108994
994.000000,1.090381,1.129637,1.580067,1.949950,0.927587
995.000000,1.163215,1.101919,1.486122,1.925908,0.971147
996.000000,1.153571,1.109778,1.431463,1.895033,1.241923
997.000000,1.135327,1.123097,1.401328,1.846561,1.240488
998.000000,1.231008,1.183181,1.380150,1.821506,1.610937
999.000000,1.396072,1.259071,1.380488,1.796949,1.720599
1000.000000,1.614850,1.398978,1.380274,1.776062,1.994663
1001.000000,1.805180,1.474884,1.382115,1.766117,2.105876
1002.000000,1.873637,1.485002,1.362272,1.723602,1.261496
1003.000000,1.853011,1.536054,1.335183,1.663763,1.376362
1004.000000,1.877675,1.658656,1.360401,1.626275,1.821056
1005.000000,1.760802,1.751375,1.375433,1.568868,1.588864
1006.000000,1.572203,1.773723,1.390081,1.525584,1.332262
1007.000000,1.571613,1.789445,1.408930,1.501028,1.298266
1008.000000,1.557459,1.749899,1.440423,1.473849,1.343634
1009.000000,1.511523,1.724547,1.488596,1.468764,1.621494
1010.000000,1.495315,1.654803,1.556462,1.454420,1.519443
1011.000000,1.456106,1.540645,1.558263,1.431196,1.147989
1012.000000,1.304475,1.463096,1.528121,1.398055,0.554877
1013.000000,1.065288,1.337208,1.494474,1.346397,0.172208
1014.000000,0.688019,1.131668,1.459171,1.313786,-0.239691
1015.000000,0.259619,0.923925,1.407911,1.272832,-0.532633
1016.000000,-0.139629,0.726250,1.328309,1.235182,-0.705137
1017.000000,-0.476197,0.498704,1.236372,1.194515,-0.989266
1018.000000,-0.866749,0.189962,1.086579,1.147424,-1.571251
1019.000000,-1.281096,-0.238087,0.898739,1.089146,-2.033526
1020.000000,-1.594865,-0.671294,0.693512,1.055933,-1.861451
1021.000000,-1.729405,-1.018947,0.498640,0.996998,-1.289082
1022.000000,-1.479206,-1.115073,0.446597,0.978886,0.162061
1023.000000,-1.183251,-1.205974,0.356530,0.963420,-0.193851
1024.000000,-0.926954,-1.321801,0.167052,0.937986,-0.895620
1025.000000,-0.924666,-1.511506,-0.110358,0.870062,-1.781565
1026.000000,-2.691993,-2.608960,-1.144576,0.351847,-4.783240
1027.000000,-3.695424,-3.221522,-2.224293,-0.343420,-3.734324
1028.000000,-3.723900,-3.275375,-2.885448,-1.138771,-2.796793
1029.000000,-3.555185,-3.187537,-3.183572,-1.990243,-2.537644
1030.000000,-3.324622,-3.064561,-3.205551,-2.646440,-2.255505
1031.000000,-2.812626,-2.956095,-3.107271,-2.966715,-2.079339
1032.000000,-2.440673,-2.884835,-2.965543,-3.009742,-1.928393
1033.000000,-2.198011,-2.773925,-2.808163,-2.939405,-1.695713
1034.000000,-1.936204,-2.620125,-2.631437,-2.808809,-1.318331
1035.000000,-1.714264,-2.470142,-2.478706,-2.673423,-1.194046
1036.000000,-1.508037,-2.170103,-2.346745,-2.541496,-1.075639
1037.000000,-1.328768,-1.921912,-2.237199,-2.430573,-1.053966
1038.000000,-1.181697,-1.742606,-2.135946,-2.333860,-0.986992
1039.000000,-1.064827,-1.562614,-2.029541,-2.239244,-0.754939
1040.000000,-0.956089,-1.401260,-1.941517,-2.153573,-0.664430
1041.000000,-0.878090,-1.260087,-1.879203,-2.079635,-0.694493
1042.000000,-0.812012,-1.136119,-1.849017,-2.012417,-0.738054
1043.000000,-0.744272,-1.026580,-1.815275,-1.946664,-0.666158
1044.000000,-0.731648,-0.959948,-1.781143,-1.888625,-0.688644
1045.000000,-0.718787,-0.896255,-1.737281,-1.831974,-0.586569
1046.000000,-0.694035,-0.843151,-1.601178,-1.782560,-0.561746
1047.000000,-0.625517,-0.774992,-1.464412,-1.731706,-0.394729
1048.000000,-0.594430,-0.724486,-1.363810,-1.689522,-0.509520
1049.000000,-0.504388,-0.677086,-1.256403,-1.639653,-0.246851
1050.000000,-0.480763,-0.663255,-1.169995,-1.610768,-0.476520
1051.000000,-0.464352,-0.646873,-1.089488,-1.594208,-0.489466
1052.000000,-0.458423,-0.609844,-1.007329,-1.592842,-0.324539
1053.000000,-0.434764,-0.588623,-0.939992,-1.596033,-0.393259
1054.000000,-0.465428,-0.552383,-0.893783,-1.595824,-0.211828
1055.000000,-0.443692,-0.534382,-0.857458,-1.594546,-0.199856
1056.000000,-0.442482,-0.529374,-0.831895,-1.511144,-0.538439
1057.000000,-0.398550,-0.528858,-0.793453,-1.417050,0.198895
1058.000000,-0.237317,-0.503756,-0.758653,-1.342962,0.034564
1059.000000,-0.102446,-0.552234,-0.743096,-1.266387,0.119373
1060.000000,0.010552,-0.508378,-0.732276,-1.190848,0.278512
1061.000000,0.015461,-0.498571,-0.728749,-1.120946,-0.642941
1062.000000,-0.380066,-0.637535,-0.729099,-1.055575,-1.618021
1063.000000,-0.786900,-0.646142,-0.734343,-0.995094,-1.600262
1064.000000,-1.363202,-0.776081,-0.740706,-0.958939,-1.766833
1065.000000,-2.016605,-1.059212,-0.773558,-0.930531,-1.850815
1066.000000,-2.057633,-1.191286,-0.801050,-0.903182,-1.141215
1067.000000,-1.570012,-1.281696,-0.838797,-0.862896,-0.017423
1068.000000,-1.070538,-1.259714,-0.831655,-0.818975,0.435145
1069.000000,-0.494201,-1.184229,-0.906227,-0.793376,0.666736
1070.000000,-0.108975,-1.266964,-0.984118,-0.787883,-0.373459
1071.000000,-0.080949,-1.281219,-1.155969,-0.788051,-1.257191
1072.000000,-0.483464,-1.224925,-1.465926,-0.787240,-1.609116
1073.000000,-0.844141,-1.100479,-1.518825,-0.783335,-0.645864
1074.000000,-1.502572,-1.054910,-1.565653,-0.787744,-1.429800
1075.000000,-1.633246,-0.898936,-1.560608,-0.800542,-0.814706
1076.000000,-1.526282,-0.867760,-1.504420,-0.822538,-0.881179
1077.000000,-1.834572,-1.354956,-1.720593,-0.934974,-2.621550
1078.000000,-2.567728,-2.136570,-1.968859,-1.089163,-3.151354
1079.000000,-2.986722,-2.861164,-2.183838,-1.391335,-3.065059
1080.000000,-3.168681,-3.062102,-2.317441,-1.700037,-2.462792
1081.000000,-2.917942,-2.822101,-2.215997,-1.961053,-1.128497
1082.000000,-2.194187,-2.389487,-1.963680,-2.084155,0.302066
1083.000000,-1.448221,-2.147354,-1.788633,-2.019443,0.245043
1084.000000,-0.664197,-1.853730,-1.610021,-1.876679,0.395470
1085.000000,0.134348,-1.607672,-1.403037,-1.699371,0.727039
1086.000000,0.862814,-1.211454,-1.150073,-1.438057,1.664281
1087.000000,1.218199,-0.620087,-0.986611,-1.267060,1.653186
1088.000000,1.503180,0.091278,-0.885553,-1.117376,1.412573
1089.000000,1.770718,0.904496,-0.761555,-0.965342,1.598036
1090.000000,1.906527,1.615067,-0.544614,-0.842113,1.491464
1091.000000,1.678654,1.901623,-0.334126,-0.723898,0.835437
1092.000000,1.477130,1.923347,-0.050991,-0.544666,0.888300
1093.000000,1.453207,2.018845,0.269674,-0.310478,1.370762
1094.000000,1.479995,2.122890,0.787709,0.021313,1.730154
1095.000000,1.504221,2.138419,1.236855,0.395966,1.610056
1096.000000,1.660774,2.044764,1.666218,0.756742,1.602897
1097.000000,1.806277,1.982652,2.188680,1.074462,1.682672
1098.000000,1.763323,1.905825,2.572894,1.317703,1.336824
1099.000000,1.634772,1.807696,2.771829,1.526403,1.238134
1100.000000,1.401278,1.648086,2.742036,1.669949,0.599706
1101.000000,1.177720,1.571380,2.593807,1.827316,0.581675
1102.000000,0.818504,1.427892,2.320339,1.871105,0.012197
1103.000000,0.544957,1.257918,2.122482,1.840547,0.062414
1104.000000,0.343257,1.090361,1.980336,1.882503,0.311222
1105.000000,0.340456,0.972973,1.870453,1.906392,0.590049
1106.000000,0.352815,0.861559,1.728254,1.923083,0.641612
1107.000000,0.335936,0.651825,1.548077,1.926962,-0.086644
1108.000000,0.287247,0.470646,1.398981,1.967921,-0.222138
1109.000000,0.207627,0.312655,1.267742,2.027351,-0.115497
1110.000000,0.033564,0.225360,1.154934,2.057129,-0.257928
1111.000000,-0.059245,0.199969,1.134669,2.052540,0.639219
1112.000000,-0.003745,0.227481,1.096016,1.955342,0.218164
1113.000000,0.139433,0.259634,1.029979,1.884467,0.313335
1114.000000,0.238683,0.240517,0.927254,1.815630,0.121342
1115.000000,0.527565,0.207348,0.848100,1.761628,0.689873
1116.000000,1.269768,0.436149,0.872638,1.753660,3.063589
1117.000000,1.637947,0.741038,0.809259,1.686873,1.365207
1118.000000,2.266909,1.407442,0.852028,1.695724,2.503295
1119.000000,2.412008,1.853978,0.842234,1.645041,1.296130
1120.000000,2.371922,2.174848,0.908373,1.604724,1.186480
1121.000000,1.745675,2.124688,0.948718,1.584965,0.588977
1122.000000,1.493105,2.094422,1.069029,1.556962,0.380191
1123.000000,1.038374,2.073661,1.239733,1.512602,0.671449
1124.000000,0.826736,2.016183,1.382787,1.429606,0.470912
1125.000000,0.686724,1.923517,1.532518,1.359002,0.665992
1126.000000,0.902410,1.665952,1.817386,1.323199,1.468725
1127.000000,1.134580,1.624417,2.249232,1.269136,1.344393
1128.000000,1.595150,1.609733,2.737925,1.314953,2.425438
1129.000000,1.843016,1.630262,2.823816,1.326401,1.620840
1130.000000,1.978817,1.648449,2.780677,1.399321,1.532651
1131.000000,2.169331,1.894610,2.742798,1.549490,2.434542
1132.000000,2.323313,2.102221,2.717166,1.752080,2.331433
1133.000000,2.235855,2.206345,2.656151,1.933220,2.150169
1134.000000,2.264694,2.272639,2.585995,2.062006,1.953224
1135.000000,1.980145,2.104620,2.356064,2.025165,0.396505
1136.000000,1.548990,1.905592,2.068073,1.982053,0.325043
1137.000000,1.185240,1.782657,1.931143,2.016491,0.523793
1138.000000,0.795460,1.563154,1.741127,2.026791,0.296675
1139.000000,0.559855,1.511564,1.688948,2.054889,0.993630
1140.000000,0.856450,1.553047,1.702304,2.111237,1.734269
1141.000000,1.265741,1.527155,1.763259,2.126501,1.994430
1142.000000,1.546452,1.459554,1.798668,2.124880,1.620344
1143.000000,1.907987,1.432887,1.832458,2.126799,1.829389
1144.000000,2.159282,1.472028,1.896385,2.146886,2.141872
1145.000000,2.195204,1.704165,1.938431,2.136785,1.974447
1146.000000,2.146102,1.925479,1.943460,2.058951,1.918995
1147.000000,2.119819,2.062431,1.943945,2.025883,1.689721
1148.000000,2.072612,2.196317,1.906185,1.967125,1.787841
1149.000000,1.973385,2.228753,1.909694,1.951620,1.777999
1150.000000,2.199487,2.351186,2.013084,2.020101,2.883944
1151.000000,2.155342,2.281474,1.979488,2.026899,1.820570
1152.000000,2.066523,2.200577,1.918769,2.010736,1.413856
1153.000000,2.080605,2.175356,1.907876,2.018071,1.892419
1154.000000,2.026757,2.087011,1.881254,2.010711,1.559779
1155.000000,1.696138,1.991088,1.914656,1.986774,1.287772
1156.000000,1.622836,1.933122,1.959909,1.960592,1.471210
1157.000000,1.628884,1.896659,1.985555,1.942441,1.445232
1158.000000,1.570739,1.876449,2.023281,1.911312,1.627231
1159.000000,1.548875,1.841026,2.015700,1.895875,1.467965
1160.000000,1.493059,1.643393,1.953360,1.863667,1.037114
1161.000000,1.438418,1.576163,1.897240,1.817602,1.223325
1162.000000,1.474189,1.595044,1.883255,1.793422,1.615351
1163.000000,1.411086,1.530316,1.843824,1.759988,1.339023
1164.000000,1.372386,1.496379,1.791894,1.730654,1.294718
1165.000000,1.378700,1.470576,1.738730,1.739955,1.105958
1166.000000,1.351043,1.428649,1.693214,1.751437,1.117351
1167.000000,1.248294,1.392767,1.661274,1.756846,1.143613
1168.000000,1.213341,1.342100,1.630809,1.767988,1.198254
1169.000000,1.121132,1.273055,1.584796,1.748140,0.793506
1170.000000,1.074865,1.253829,1.480582,1.714246,0.825267
1171.000000,1.037751,1.223654,1.435100,1.678932,0.916873
1172.000000,0.895439,1.107109,1.393254,1.641757,0.389846
1173.000000,0.729859,1.023332,1.325886,1.603274,0.399124
1174.000000,0.745478,0.977313,1.293655,1.569473,0.878959
1175.000000,0.804550,0.975857,1.285696,1.546285,1.137402
1176.000000,0.861432,0.979144,1.268528,1.527013,1.210777
1177.000000,0.951880,0.930647,1.233560,1.503016,0.580063
1178.000000,1.007131,0.850951,1.179075,1.473886,0.309340
1179.000000,0.943354,0.833119,1.134372,1.446715,0.301274
1180.000000,1.001887,0.895045,1.146971,1.384366,1.564525
1181.000000,0.616876,0.791885,1.098800,1.335420,-0.341249
1182.000000,0.748023,0.904524,1.054245,1.327314,1.196121
1183.000000,0.886412,0.994762,1.022007,1.289227,0.833356
1184.000000,0.720841,0.881540,0.957628,1.247291,-0.518422
1185.000000,0.218772,0.718410,0.913526,1.221860,-0.427411
1186.000000,0.642971,0.662464,0.904729,1.205738,1.130585
1187.000000,0.584749,0.734180,0.890969,1.188942,1.053741
1188.000000,0.946326,0.980020,0.898029,1.171378,1.895673
1189.000000,1.995284,1.266249,0.966694,1.164702,1.985367
1190.000000,3.124624,1.538232,1.087363,1.202827,2.792070
1191.000000,2.719598,1.854375,1.092299,1.185093,0.001646
1192.000000,2.356016,1.804026,1.177798,1.138665,0.262788
1193.000000,2.107468,2.040119,1.326622,1.132306,1.302882
1194.000000,2.186863,2.725348,1.499950,1.159381,2.376393
1195.000000,2.178563,3.139900,1.695268,1.226917,2.686312
1196.000000,2.812103,3.133475,1.903409,1.311117,2.669828
1197.000000,3.168487,3.125785,2.202015,1.418937,2.782401
1198.000000,3.173869,3.008631,2.445373,1.530163,2.615273
1199.000000,2.902579,2.817715,2.532923,1.653243,2.032700
1200.000000,2.540004,2.529242,2.447019,1.734507,1.463231
1201.000000,2.234140,2.491938,2.482204,1.796196,1.392277
1202.000000,1.914781,2.426747,2.387054,1.885556,1.287688
1203.000000,1.630676,2.316330,2.327631,1.957976,1.282304
1204.000000,1.321468,2.086579,2.269269,1.935239,0.607079
1205.000000,1.204299,1.900443,2.226284,1.909068,0.931145
1206.000000,1.141898,1.744846,2.143161,1.884923,1.116314
1207.000000,1.092892,1.570046,2.071583,1.889485,1.069515
1208.000000,1.123910,1.443534,2.012186,1.921947,1.423342
1209.000000,1.343738,1.399764,1.973259,1.956325,1.636349
1210.000000,1.517509,1.432031,1.919872,1.950667,1.743991
1211.000000,1.483537,1.380990,1.901309,1.962659,0.977873
1212.000000,1.579464,1.407696,1.916162,1.951769,1.542382
1213.000000,1.619397,1.445280,1.907387,1.957155,1.630815
1214.000000,1.476130,1.476749,1.827399,1.957030,0.961695
1215.000000,1.184798,1.411554,1.705764,1.916877,0.277980
1216.000000,0.960608,1.285739,1.563695,1.827742,-0.263734
1217.000000,0.695441,1.223631,1.444811,1.775841,0.276809
1218.000000,0.500740,1.182520,1.359854,1.739541,0.938012
1219.000000,-1.119225,0.374484,0.945401,1.424577,-4.199618
1220.000000,-2.493988,-0.612935,0.520650,1.083656,-3.474075
1221.000000,-3.333923,-1.671863,-0.003260,0.757946,-3.290447
1222.000000,-3.603303,-2.639005,-0.577218,0.410405,-2.835912
1223.000000,-3.491107,-3.081853,-1.088959,0.087183,-2.070279
1224.000000,-2.948185,-3.164723,-1.559339,-0.316266,-1.967261
1225.000000,-2.556452,-3.058680,-1.983071,-0.770190,-1.784491
1226.000000,-2.181685,-2.886997,-2.285243,-1.230993,-1.557263
1227.000000,-1.879149,-2.749384,-2.449430,-1.679888,-1.430920
1228.000000,-1.699764,-2.634554,-2.513762,-2.037965,-1.267770
1229.000000,-1.469111,-2.280990,-2.479322,-2.208687,-0.892095
1230.000000,-1.243374,-1.983055,-2.414309,-2.256053,-0.711721
1231.000000,-1.044493,-1.700648,-2.305925,-2.248266,-0.606234
1232.000000,-0.863179,-1.458312,-2.229415,-2.209711,-0.567055
1233.000000,-0.686799,-1.280481,-2.152981,-2.146919,-0.435258
1234.000000,-0.593476,-1.116827,-2.067817,-2.066174,-0.453222
1235.000000,-0.560891,-0.983277,-1.987673,-2.016761,-0.559457
1236.000000,-0.514912,-0.853468,-1.896196,-1.960284,-0.388140
1237.000000,-0.457207,-0.725068,-1.825659,-1.900473,-0.292307
1238.000000,-0.404561,-0.600890,-1.772332,-1.850166,-0.177740
1239.000000,-0.354456,-0.524015,-1.597793,-1.817100,-0.210508
1240.000000,-0.282362,-0.470270,-1.440926,-1.795795,-0.228587
1241.000000,-0.277007,-0.444225,-1.290347,-1.768380,-0.377635
1242.000000,-0.195197,-0.372108,-1.125599,-1.733290,0.124901
1243.000000,-0.097165,-0.296219,-0.994356,-1.701642,0.344061
1244.000000,0.036603,-0.206386,-0.862256,-1.661622,0.451353
