0.000000,5.385165,5.385165,5.385165,5.385165,1.348721
1.000000,3.766837,3.751557,3.743008,3.746902,1.262214
2.000000,3.057246,3.028827,3.010035,3.009730,2.272199
3.000000,2.629382,2.596578,2.570276,2.561059,2.738111
4.000000,2.333793,2.299398,2.265383,2.248102,2.371255
5.000000,2.106288,2.076370,2.038225,2.014193,2.413918
6.000000,1.932393,1.904437,1.859805,1.829872,2.367152
7.000000,1.785105,1.767837,1.714686,1.680322,2.480035
8.000000,1.651550,1.647511,1.592222,1.553940,2.210040
9.000000,1.537530,1.544081,1.487372,1.445694,1.915741
10.000000,1.434148,1.448525,1.396715,1.349383,1.770007
11.000000,1.340868,1.365191,1.313837,1.264315,1.692491
12.000000,1.249964,1.284243,1.241030,1.189384,1.577394
13.000000,1.177082,1.211011,1.176915,1.123593,1.778893
14.000000,1.111844,1.144995,1.119483,1.063523,1.621265
15.000000,1.051172,1.081984,1.065087,1.008008,1.493940
16.000000,0.995674,1.023081,1.016129,0.956721,1.469905
17.000000,0.937386,0.961055,0.968794,0.906847,1.180293
18.000000,0.875521,0.904180,0.922621,0.860243,1.192224
19.000000,0.817720,0.851745,0.879912,0.817021,1.137229
20.000000,0.759610,0.800303,0.836109,0.776315,0.980073
21.000000,0.701191,0.750552,0.795218,0.735753,0.937975
22.000000,0.644934,0.699490,0.751349,0.697386,0.699637
23.000000,0.588621,0.645448,0.707580,0.661229,0.728536
24.000000,0.534596,0.594332,0.668044,0.629525,0.774182
25.000000,0.488011,0.546450,0.631707,0.601176,0.842024
26.000000,0.442203,0.498995,0.600423,0.580907,0.841910
27.000000,0.442997,0.478869,0.587380,0.582687,1.679439
28.000000,0.452869,0.474302,0.614786,0.633013,1.121628
29.000000,1.047795,0.940771,1.318779,1.836485,0.610984
30.000000,1.137945,0.953381,1.285216,1.792232,1.233413
31.000000,1.353284,1.017027,1.273206,1.766956,1.926995
32.000000,1.726992,1.269221,1.323911,1.765622,3.479880
33.000000,2.019219,1.445382,1.321354,1.722414,2.104616
34.000000,2.412827,1.643099,1.332454,1.693787,2.149879
35.000000,2.615679,1.859432,1.359327,1.669729,2.222226
36.000000,2.542160,2.024186,1.372676,1.636698,1.753077
37.000000,2.105112,2.021753,1.399407,1.592804,1.480932
38.000000,1.952366,2.076519,1.427173,1.557546,1.453084
39.000000,1.993404,2.267090,1.507827,1.559384,2.302755
40.000000,1.926252,2.308857,1.586746,1.557999,1.908790
41.000000,1.879531,2.243453,1.655057,1.551813,1.583837
42.000000,1.924844,2.058988,1.754194,1.557795,1.754785
43.000000,1.933506,1.988170,1.835482,1.548945,1.593173
44.000000,1.686890,1.865977,1.874047,1.531594,1.153330
45.000000,1.461970,1.710543,1.878651,1.509476,0.848691
46.000000,1.314467,1.610720,1.875840,1.489136,0.877037
47.000000,0.989031,1.467425,1.773099,1.459994,0.165380
48.000000,0.815383,1.399827,1.746659,1.453038,0.765173
49.000000,0.591971,1.177419,1.705432,1.425326,0.080246
50.000000,0.477349,1.017313,1.653003,1.415927,0.303843
51.000000,0.257452,0.843987,1.556587,1.395062,-0.159458
52.000000,0.172020,0.635226,1.385182,1.386966,-0.289096
53.000000,-0.034555,0.448474,1.289944,1.386034,-0.144744
54.000000,-0.252466,0.227289,1.155217,1.358936,-0.992262
55.000000,-0.435915,0.085997,1.043953,1.351038,-0.420974
56.000000,-0.623991,-0.122281,0.934111,1.331372,-0.956779
57.000000,-0.675760,-0.194139,0.860562,1.287730,-0.404054
58.000000,-0.818275,-0.391969,0.776630,1.268407,-0.626582
59.000000,-0.672755,-0.473259,0.638959,1.288505,-0.332471
60.000000,-0.703208,-0.621203,0.509090,1.286993,-0.439575
61.000000,-0.590188,-0.716768,0.385110,1.263935,-0.507137
62.000000,-0.974737,-0.961247,0.138697,1.107157,-2.011910
63.000000,-1.182574,-1.190530,-0.115843,1.014004,-1.523584
64.000000,-1.586866,-1.334373,-0.409892,0.879739,-2.037358
65.000000,-1.635089,-1.388005,-0.629753,0.768454,-0.872407
66.000000,-1.552775,-1.264543,-0.849835,0.694949,-0.343952
67.000000,-0.782831,-0.992208,-0.836802,0.719672,1.332648
68.000000,-0.078635,-0.670013,-0.902206,0.760370,1.436668
69.000000,0.824459,-0.371269,-0.807675,0.722568,1.636455
70.000000,1.044404,-0.307634,-0.915204,0.585730,0.065917
71.000000,1.320792,-0.121835,-0.821874,0.514647,0.847377
72.000000,1.193963,0.257647,-0.689637,0.374831,0.777111
73.000000,1.064642,0.605538,-0.565338,0.215337,0.849430
74.000000,0.955907,1.123132,-0.253302,0.137983,1.224918
75.000000,1.315650,1.484630,-0.018259,0.132180,1.376465
76.000000,1.550526,1.804609,0.340167,0.172187,1.700600
77.000000,1.660051,1.785441,0.572215,0.388773,1.305701
78.000000,1.818406,1.810096,0.887020,0.540011,1.633231
79.000000,2.071841,1.915001,1.293595,1.263383,2.380260
80.000000,2.239614,2.203262,1.713071,2.013399,2.288243
81.000000,2.216629,2.247882,2.033886,2.710035,1.873047
82.000000,2.315497,2.312279,2.424680,3.166805,2.093547
83.000000,2.319869,2.331901,2.619913,3.233928,1.962758
84.000000,2.218816,2.324072,2.749898,3.298832,2.032724
85.000000,2.194616,2.339285,2.745815,3.213110,2.225741
86.000000,2.293870,2.365782,2.711185,3.177506,2.421294
87.000000,2.302565,2.389471,2.577368,3.051189,2.233629
88.000000,2.237774,2.336120,2.430353,2.900930,1.816514
89.000000,2.136460,2.223041,2.299090,2.745050,1.663708
90.000000,1.876592,2.052082,2.200986,2.558775,0.999891
91.000000,1.597170,1.935237,2.095545,2.418073,1.005492
92.000000,1.355388,1.818684,2.017019,2.354539,1.020683
93.000000,1.260370,1.758711,1.978039,2.308198,1.357563
94.000000,1.235744,1.718585,1.951934,2.295333,1.588807
95.000000,1.460375,1.712196,1.960082,2.276613,2.077308
96.000000,1.741792,1.706317,1.976671,2.257251,2.272678
97.000000,1.853974,1.636434,1.957339,2.158427,1.568255
98.000000,1.790551,1.558451,1.905749,2.050346,1.112998
99.000000,1.591716,1.447792,1.809386,1.935778,0.646032
100.000000,1.380668,1.450891,1.745303,1.894605,1.001611
101.000000,1.064747,1.427955,1.685513,1.832786,0.726243
102.000000,0.898779,1.410926,1.625363,1.787393,0.783730
103.000000,0.773914,1.334615,1.560800,1.740212,0.502387
104.000000,0.659962,1.193108,1.474871,1.678566,-0.004625
105.000000,0.356389,0.951230,1.362213,1.608628,-0.531496
106.000000,-0.060105,0.596347,1.206866,1.520132,-1.318565
107.000000,-0.483756,0.327351,1.070584,1.459619,-1.070364
108.000000,-0.783468,0.136585,0.974733,1.416340,-0.619690
109.000000,-0.818649,0.060690,0.913547,1.379328,0.129754
110.000000,-0.803017,-0.128632,0.877708,1.332646,-0.322890
111.000000,-0.644271,-0.340961,0.827307,1.289606,-0.705291
112.000000,-0.468128,-0.563592,0.787995,1.249030,-0.377939
113.000000,-0.578744,-0.849182,0.687166,1.193872,-1.074937
114.000000,-0.958372,-1.099140,0.543956,1.127742,-1.266080
115.000000,-0.993341,-1.139708,0.373160,1.072010,-0.407245
116.000000,-1.178753,-1.160885,0.070786,0.959050,-1.440662
117.000000,-1.710478,-1.400897,-0.300414,0.790929,-2.438367
118.000000,-2.237106,-1.853274,-0.778011,0.573902,-2.996567
119.000000,-2.802093,-2.470986,-1.387001,0.256752,-3.365415
120.000000,-2.988570,-2.646523,-1.931274,-0.002949,-2.316776
121.000000,-2.890227,-2.658021,-2.323792,-0.305489,-2.008348
122.000000,-2.617117,-2.608819,-2.535974,-0.639995,-1.621041
123.000000,-2.392124,-2.568508,-2.642319,-1.132802,-1.942402
124.000000,-2.093737,-2.518037,-2.622140,-1.689206,-1.908876
125.000000,-1.926667,-2.476044,-2.503621,-2.183440,-1.602428
126.000000,-1.879168,-2.416197,-2.383397,-2.557206,-1.843002
127.000000,-1.919967,-2.319778,-2.309443,-2.699634,-1.887673
128.000000,-1.917563,-2.206546,-2.279484,-2.712965,-1.950563
129.000000,-1.886359,-2.039460,-2.265954,-2.638411,-1.786974
130.000000,-1.913914,-1.968871,-2.238882,-2.574856,-1.784713
131.000000,-1.766203,-1.860627,-2.157973,-2.445378,-1.162130
132.000000,-1.592515,-1.783977,-2.092868,-2.331871,-1.026360
133.000000,-1.385627,-1.674503,-2.017442,-2.221440,-0.904568
134.000000,-1.191391,-1.564314,-1.947064,-2.112062,-0.817899
135.000000,-0.969791,-1.477557,-1.901651,-2.005742,-0.725152
136.000000,-0.790503,-1.325798,-1.814564,-1.877741,-0.291412
137.000000,-0.584179,-1.144093,-1.699023,-1.768923,-0.021951
138.000000,-0.306908,-0.906273,-1.548992,-1.669303,0.452112
139.000000,-0.024364,-0.670527,-1.377530,-1.599695,0.553541
140.000000,0.234675,-0.428460,-1.256506,-1.538129,0.488621
141.000000,0.419437,-0.245955,-1.150062,-1.480119,0.549075
142.000000,0.547350,-0.075006,-1.068552,-1.441770,0.521414
143.000000,0.575072,0.093511,-0.968608,-1.400172,0.554641
144.000000,0.609100,0.277290,-0.859850,-1.359742,0.708106
145.000000,0.684310,0.473380,-0.764722,-1.343402,0.824362
146.000000,0.878494,0.686779,-0.620220,-1.296571,1.467010
147.000000,1.125826,0.900074,-0.447487,-1.227032,1.553626
148.000000,1.383033,1.068002,-0.231376,-1.130494,1.587100
149.000000,1.473477,1.172928,-0.006410,-1.005936,1.201605
150.000000,1.531438,1.287948,0.270175,-0.905522,1.257900
151.000000,1.342505,1.309310,0.482507,-0.830056,0.695206
152.000000,1.098902,1.288286,0.690733,-0.779602,0.428470
153.000000,0.699311,1.161330,0.847900,-0.732104,-0.299908
154.000000,0.319505,0.977606,0.978058,-0.688254,-0.595507
155.000000,-0.102391,0.779832,1.089604,-0.666657,-0.700604
156.000000,-0.479743,0.478334,1.098403,-0.633995,-1.040983
157.000000,-0.787458,0.177189,1.052026,-0.572951,-0.993387
158.000000,-1.001747,-0.174456,0.872661,-0.493744,-1.308545
159.000000,-1.158517,-0.488529,0.655683,-0.399030,-1.344543
160.000000,-1.388711,-0.868821,0.398469,-0.296377,-1.781918
161.000000,-1.526962,-1.170690,0.140165,-0.290199,-1.663006
162.000000,-1.631133,-1.416845,-0.091664,-0.290593,-1.466814
163.000000,-1.634088,-1.551852,-0.315139,-0.310895,-1.357832
164.000000,-1.678249,-1.675318,-0.589116,-0.428589,-1.600816
165.000000,-1.604670,-1.762379,-0.863285,-0.584222,-1.458475
166.000000,-1.484725,-1.752236,-1.173204,-0.890971,-1.143850
167.000000,-1.444544,-1.757394,-1.514389,-1.464692,-1.325111
168.000000,-1.365679,-1.677711,-1.794828,-2.204550,-1.058793
169.000000,-1.188224,-1.563366,-1.942718,-2.702047,-0.781217
170.000000,-1.030351,-1.411496,-2.041812,-2.881478,-0.693028
171.000000,-0.922033,-1.274304,-2.045531,-2.885497,-0.607044
172.000000,-0.709461,-1.132639,-1.985783,-2.732429,-0.278177
173.000000,-0.570590,-1.022798,-1.879353,-2.610071,-0.386148
174.000000,-0.481570,-0.889184,-1.760183,-2.512531,-0.349045
175.000000,-0.437356,-0.787019,-1.658523,-2.445320,-0.489122
176.000000,-0.372697,-0.700352,-1.532320,-2.418595,-0.297416
177.000000,-0.351695,-0.575924,-1.417814,-2.371861,-0.146427
178.000000,-0.204336,-0.429302,-1.271165,-2.286089,0.450564
179.000000,0.112490,-0.233289,-1.099795,-2.126171,1.445970
180.000000,0.636397,0.015952,-0.896028,-1.981059,2.193184
181.000000,1.001732,0.186798,-0.757214,-1.884669,1.091457
182.000000,1.279970,0.281026,-0.660268,-1.816274,0.445759
183.000000,1.248653,0.351079,-0.598314,-1.733551,-0.350333
184.000000,0.784267,0.399290,-0.526408,-1.655807,-0.710557
185.000000,0.137466,0.551958,-0.435267,-1.559394,-0.103586
186.000000,-0.271612,0.656939,-0.373714,-1.461003,-0.389378
187.000000,-0.458604,0.746522,-0.273759,-1.377310,-0.273636
188.000000,-0.538427,0.619643,-0.206942,-1.299268,-0.675633
189.000000,-0.532234,0.222066,-0.165126,-1.233561,-0.691575
190.000000,-0.581590,-0.288104,-0.100529,-1.134420,-0.311534
191.000000,-0.536685,-0.528917,-0.026093,-1.041528,-0.207666
192.000000,-0.503602,-0.620289,0.012530,-0.961746,-0.127062
193.000000,-0.566708,-0.705512,0.007389,-0.924706,-0.931582
194.000000,-0.510913,-0.662260,0.044022,-0.840103,-0.461670
195.000000,-0.456871,-0.662069,0.183435,-0.743573,-0.065673
196.000000,-0.291064,-0.535049,0.376816,-0.643439,0.487232
197.000000,-0.135004,-0.424900,0.543012,-0.493656,0.526883
198.000000,0.138050,-0.311892,0.444694,-0.377561,0.064769
199.000000,0.533594,-0.031891,0.226830,-0.219888,0.999448
200.000000,1.098840,0.385027,0.041469,0.041285,1.949965
201.000000,1.482953,0.806228,0.151712,0.351480,1.842778
202.000000,1.808558,1.225391,0.441153,0.675004,1.818011
203.000000,2.130430,1.742505,0.906767,1.099911,1.691822
204.000000,2.060734,1.971014,1.352068,1.499043,1.107456
205.000000,1.797035,2.063364,1.700817,1.914246,1.010369
206.000000,1.757816,2.181038,2.309953,2.275850,1.736352
207.000000,1.834423,2.328096,2.940572,2.500598,2.134346
208.000000,1.907509,2.454016,3.335363,2.499009,2.039738
209.000000,2.011566,2.406492,3.355067,2.324106,1.798877
210.000000,2.086973,2.263193,3.166716,2.112573,1.706806
211.000000,2.058968,2.175779,3.006074,2.096069,1.814676
212.000000,1.940809,2.091621,2.856387,2.134972,1.712748
213.000000,1.724582,1.959271,2.725383,2.155967,1.188274
214.000000,1.573559,1.896916,2.589446,2.192666,1.210172
215.000000,1.385413,1.804493,2.421323,2.143164,0.816057
216.000000,1.165027,1.654711,2.256747,2.107414,0.714085
217.000000,0.955217,1.479158,2.122477,2.068906,0.681080
218.000000,0.805252,1.296181,2.014971,2.037176,0.441342
219.000000,0.616924,1.134123,1.881004,2.001530,0.284820
220.000000,0.503759,0.992683,1.728650,1.950863,0.255389
221.000000,0.450812,0.858529,1.613464,1.916398,0.475936
222.000000,0.385312,0.718934,1.507094,1.878828,0.388642
223.000000,0.299216,0.600847,1.396989,1.861803,-0.016080
224.000000,0.250443,0.475553,1.327424,1.831044,-0.000510
225.000000,0.171992,0.378931,1.262223,1.783976,-0.200488
226.000000,0.115379,0.328147,1.184640,1.744366,0.317855
227.000000,0.117492,0.294563,1.091386,1.715858,0.564683
228.000000,0.294208,0.315214,1.009067,1.715368,0.900596
229.000000,0.421689,0.334332,0.930385,1.674700,0.469112
230.000000,0.727008,0.399865,0.875523,1.613389,0.943197
231.000000,1.224952,0.565794,0.851165,1.591429,2.255956
232.000000,1.427738,0.689988,0.794673,1.545397,1.207229
233.000000,1.629600,0.986041,0.801291,1.518540,1.661184
234.000000,1.763176,1.249698,0.783587,1.504936,1.074672
235.000000,1.636462,1.495434,0.782686,1.480030,0.329268
236.000000,1.291729,1.708961,0.822108,1.432134,0.828570
237.000000,1.210860,1.836166,0.883651,1.359661,0.947460
238.000000,0.582549,1.562283,0.893776,1.242929,-0.805011
239.000000,0.083948,1.324423,0.920627,1.138555,-0.935119
240.000000,-0.332002,0.936882,0.920729,1.031332,-1.373561
241.000000,-0.897632,0.286267,0.847312,0.900425,-1.475549
242.000000,-1.553986,-0.244045,0.701901,0.745256,-1.800500
243.000000,-1.632167,-0.762203,0.673540,0.638083,-1.223127
244.000000,-1.635341,-1.120404,0.612327,0.516417,-1.049650
245.000000,-1.494355,-1.308461,0.605493,0.428187,-0.860224
246.000000,-1.327656,-1.548986,0.335271,0.338225,-0.826758
247.000000,-1.159679,-1.805805,-0.309312,0.219793,-1.085389
248.000000,-1.056411,-1.740669,-1.082909,0.129524,-0.805638
249.000000,-0.882588,-1.588396,-1.419542,0.080025,-0.300225
250.000000,-0.871734,-1.467694,-2.074189,-0.016159,-0.818107
251.000000,-0.931786,-1.386332,-2.957851,-0.202212,-1.093414
252.000000,-0.932201,-1.273074,-3.115641,-0.417936,-1.084314
253.000000,-0.785523,-1.112590,-3.033707,-0.487332,-0.167321
254.000000,-0.731226,-0.972643,-2.815482,-0.552990,-0.069446
255.000000,-0.348391,-0.732082,-2.400914,-0.445642,0.888975
256.000000,-0.062834,-0.598572,-2.273527,-0.523615,0.168186
257.000000,0.300510,-0.384243,-2.139621,-0.584772,0.485189
258.000000,0.552189,-0.142312,-1.771337,-0.587837,0.931538
259.000000,0.844577,0.075156,-1.404150,-0.445329,1.213480
260.000000,1.038844,0.441434,-0.938404,-0.268663,1.686284
261.000000,1.472980,0.900970,-0.410472,-0.230124,2.084442
262.000000,1.787598,1.326307,0.158113,-0.032158,1.954224
263.000000,1.951416,1.579089,0.634445,0.062126,1.807846
264.000000,2.009891,1.770370,1.051013,0.242040,1.620549
265.000000,2.029902,1.879462,1.473870,0.668177,1.888719
266.000000,1.814304,1.951361,1.724268,0.895871,1.170570
267.000000,1.465526,1.874736,1.839931,0.918318,0.353356
268.000000,0.939073,1.627570,1.753786,0.971534,-0.673449
269.000000,0.670537,1.498206,1.762705,1.399700,0.318571
270.000000,0.224457,1.262120,1.752505,1.756935,-0.154574
271.000000,0.173405,1.130069,1.896722,2.363495,0.956884
272.000000,0.220771,0.961071,1.953224,2.646868,0.578948
273.000000,-0.008438,0.533667,1.667597,2.180662,-1.725631
274.000000,-0.245161,0.254896,1.525459,2.037826,-0.709588
275.000000,-0.366958,-0.064961,1.328234,1.912365,-0.652972
276.000000,-0.680253,-0.258143,1.244999,1.881534,-0.310538
277.000000,-0.817790,-0.304355,1.180056,1.973384,0.059389
278.000000,-0.300249,-0.165893,1.120748,2.070167,0.439763
279.000000,0.011869,-0.143493,1.054287,2.090499,0.573646
280.000000,0.859674,0.246496,1.147751,2.461129,2.523920
281.000000,1.502758,0.434890,1.167142,2.667274,2.022888
282.000000,2.131205,0.799996,1.254137,2.839643,2.429158
283.000000,2.800217,1.777123,1.503548,2.967404,3.167455
284.000000,3.277535,2.605991,1.863045,3.065759,3.290612
285.000000,2.891860,2.822754,1.922395,2.841932,1.638996
286.000000,2.608635,2.833931,2.003713,2.678359,1.303121
287.000000,2.405028,2.821230,2.211773,2.575101,1.621321
288.000000,2.005689,2.692182,2.399149,2.434126,1.204904
289.000000,1.532183,2.562396,2.452458,2.304479,1.119803
290.000000,1.368628,2.298866,2.478812,2.165408,0.934759
291.000000,1.317033,2.139084,2.424610,2.056523,1.099662
292.000000,1.106679,1.920309,2.332143,1.933691,0.678862
293.000000,1.061343,1.687829,2.403838,1.865779,1.004185
294.000000,1.009337,1.402527,2.370113,1.805850,0.890464
295.000000,0.947607,1.275160,2.300855,1.722253,0.666910
296.000000,0.829236,1.177500,2.211357,1.670072,0.561202
297.000000,0.802643,1.048691,2.120370,1.659251,0.566975
298.000000,0.625372,0.923938,2.000972,1.661590,0.177923
299.000000,0.581366,0.871984,1.938152,1.666515,0.703045
300.000000,0.602079,0.849515,1.815685,1.692985,0.775392
301.000000,0.581042,0.772252,1.702940,1.657497,0.452916
302.000000,0.707985,0.823805,1.631165,1.682394,1.149109
303.000000,1.046652,0.899253,1.553186,1.813098,1.753654
304.000000,1.214050,0.959182,1.422831,1.877929,1.476370
305.000000,1.405574,1.071559,1.408145,1.940329,1.662705
306.000000,1.728413,1.228649,1.426225,1.992419,1.865918
307.000000,1.810850,1.341736,1.390753,2.000858,1.332860
308.000000,1.758953,1.520686,1.388325,1.999885,1.399513
309.000000,1.802218,1.652549,1.397576,1.998969,1.491319
310.000000,1.670240,1.729412,1.397398,1.924755,0.928643
311.000000,1.484170,1.887736,1.395924,1.873389,1.038377
312.000000,1.319182,1.906009,1.411245,1.795174,0.561744
313.000000,1.232078,1.843558,1.428484,1.698634,1.124516
314.000000,1.158373,1.791586,1.458512,1.577801,1.331076
315.000000,1.122053,1.641625,1.491117,1.522164,0.888245
316.000000,1.106938,1.478521,1.548390,1.490387,1.063993
317.000000,1.066969,1.327869,1.570053,1.421824,0.464871
318.000000,0.928495,1.189061,1.627758,1.379942,0.551889
319.000000,0.857261,1.107793,1.659927,1.359330,0.998083
320.000000,0.767742,1.036664,1.651539,1.333222,0.466314
321.000000,0.596565,0.933378,1.663050,1.293943,0.264200
322.000000,0.622784,0.925012,1.628898,1.293294,0.577906
323.000000,0.601578,0.837227,1.521607,1.271621,0.437989
324.000000,0.584258,0.791044,1.470784,1.276794,0.954826
325.000000,0.621560,0.762338,1.381849,1.290352,0.625757
326.000000,0.781072,0.746027,1.294026,1.326849,0.975222
327.000000,1.117102,0.934158,1.325822,1.404732,2.125985
328.000000,1.528275,1.128620,1.356033,1.512573,2.275269
329.000000,1.820779,1.264070,1.372111,1.583984,2.108006
330.000000,1.887682,1.320817,1.343828,1.601785,0.460723
331.000000,1.722008,1.340760,1.262082,1.623824,-0.678837
332.000000,1.402374,1.430158,1.268640,1.629942,0.452440
333.000000,0.776060,1.503782,1.210848,1.569304,-0.061259
334.000000,-0.258002,1.358003,1.097746,1.492750,-1.188353
335.000000,-0.868284,1.184426,0.998323,1.382498,-1.496789
336.000000,-1.069188,0.852918,0.871675,1.246697,-1.388551
337.000000,-1.776404,-0.110364,0.739984,1.111458,-2.135409
338.000000,-2.194109,-1.222128,0.580501,0.963661,-1.961121
339.000000,-2.651327,-2.505288,0.171978,0.716271,-3.102418
340.000000,-2.876639,-2.991412,-0.279004,0.475262,-2.866290
341.000000,-2.819506,-2.929613,-0.690723,0.254994,-2.026540
342.000000,-2.530816,-2.844902,-1.119144,0.101518,-1.394782
343.000000,-2.356797,-2.740343,-1.594411,-0.130195,-1.499249
344.000000,-2.219647,-2.713361,-2.302019,-0.514513,-2.338944
345.000000,-1.853949,-2.501666,-2.543815,-0.771103,-1.221958
346.000000,-1.659234,-2.343058,-2.657945,-1.053799,-1.173458
347.000000,-1.664785,-2.211020,-2.812562,-1.329423,-1.472863
348.000000,-1.542569,-2.049855,-2.775481,-1.536289,-0.980579
349.000000,-1.273261,-1.828182,-2.708252,-1.762292,-1.066425
350.000000,-1.246650,-1.635310,-2.556169,-1.899135,-1.117470
351.000000,-1.160020,-1.487779,-2.364128,-1.941573,-0.791679
352.000000,-1.053346,-1.430983,-2.274208,-1.995712,-0.972298
353.000000,-1.012084,-1.347472,-2.168011,-1.994051,-0.797824
354.000000,-0.839938,-1.115799,-2.005962,-1.955290,-0.252697
355.000000,-0.596735,-0.973144,-1.842896,-1.868107,0.045948
356.000000,-0.318624,-0.785718,-1.675145,-1.766872,0.550579
357.000000,0.084010,-0.528323,-1.483913,-1.710027,0.954161
358.000000,0.574734,-0.271511,-1.288141,-1.633276,1.508037
359.000000,1.069563,0.056667,-1.016626,-1.539601,2.025075
360.000000,1.458737,0.383340,-0.762023,-1.419791,1.680898
361.000000,1.694851,0.678094,-0.551598,-1.290897,1.502609
362.000000,1.808251,1.015429,-0.375076,-1.216796,1.446295
363.000000,1.700446,1.299312,-0.207608,-1.164124,1.041898
364.000000,1.506836,1.519561,0.064751,-1.071131,1.156900
365.000000,1.361431,1.673857,0.264144,-0.975102,1.040393
366.000000,1.301878,1.768851,0.505635,-0.859654,1.255363
367.000000,1.294477,1.805801,0.830109,-0.677784,1.428320
368.000000,1.381742,1.766379,1.140479,-0.465895,1.471063
369.000000,1.325555,1.598125,1.404538,-0.169163,0.976192
370.000000,1.285764,1.469591,1.643848,0.197008,0.935923
371.000000,1.073447,1.289508,1.742515,0.467431,0.249256
372.000000,0.830672,1.133487,1.832048,0.721344,0.251860
373.000000,0.683481,1.093280,1.919325,1.119531,0.791854
374.000000,0.634087,1.040896,1.907957,1.655924,0.768996
375.000000,0.668015,1.043577,1.885654,2.029750,1.138056
376.000000,0.882157,1.039443,1.825384,2.306779,1.258932
377.000000,1.118835,1.024815,1.747326,2.505697,1.349765
378.000000,1.319013,1.044989,1.673730,2.572860,1.708811
379.000000,1.450902,1.091566,1.566608,2.548476,1.376234
380.000000,1.518301,1.149797,1.499121,2.504265,1.439268
381.000000,1.527763,1.276043,1.440857,2.409503,1.253069
382.000000,1.416246,1.356786,1.369216,2.307270,0.672196
383.000000,1.464192,1.501341,1.394021,2.266284,2.043097
384.000000,1.733330,1.710666,1.445558,2.216269,2.593196
385.000000,2.028152,1.895379,1.516011,2.159776,2.572144
386.000000,2.368663,2.078173,1.585751,2.092140,2.509100
387.000000,2.614489,2.178208,1.623810,2.006732,1.967771
388.000000,2.571912,2.242155,1.680407,1.934090,2.180047
389.000000,2.372581,2.283565,1.755186,1.853362,1.919865
390.000000,2.122909,2.239076,1.799744,1.787052,1.525119
391.000000,1.840801,2.166257,1.863504,1.725372,1.206215
392.000000,1.701316,2.158838,1.927521,1.684385,1.321523
393.000000,1.390180,1.967547,1.906576,1.642085,0.668123
394.000000,1.073430,1.727049,1.864634,1.591130,0.363650
395.000000,0.742776,1.459672,1.776818,1.535203,-0.107896
396.000000,0.451620,1.193485,1.683140,1.475014,-0.214154
397.000000,0.075787,0.958285,1.576507,1.404741,-0.415791
398.000000,-0.235369,0.653974,1.429293,1.322633,-0.756674
399.000000,-0.333783,0.440457,1.354750,1.296356,-0.050259
400.000000,-0.459409,0.190423,1.240668,1.248616,-0.686118
401.000000,-0.495035,0.004460,1.167744,1.253577,-0.361449
402.000000,-0.698189,-0.324056,1.073749,1.226454,-1.437612
403.000000,-0.884826,-0.608838,0.896076,1.168267,-1.651506
404.000000,-1.311215,-0.897038,0.661993,1.102227,-1.866863
405.000000,-1.613676,-1.144765,0.393586,1.009582,-1.919464
406.000000,-1.802075,-1.298251,0.138783,0.937295,-1.249143
407.000000,-1.741894,-1.422938,-0.114356,0.851926,-1.257846
408.000000,-1.636120,-1.492138,-0.431748,0.728533,-1.254178
409.000000,-1.401333,-1.582791,-0.730773,0.640846,-0.816527
410.000000,-1.057096,-1.513318,-0.972478,0.573342,-0.329091
411.000000,-0.712387,-1.394139,-1.126047,0.570902,0.353890
412.000000,-0.300918,-1.127679,-1.275619,0.656038,0.658454
413.000000,0.045438,-0.888435,-1.370233,0.615865,0.335671
414.000000,0.464048,-0.530309,-1.320741,0.597719,1.087275
415.000000,0.778184,-0.153694,-1.188241,0.558554,1.125510
416.000000,0.899390,0.120117,-1.053194,0.442178,0.946295
417.000000,0.959198,0.397449,-0.890011,0.349227,0.935097
418.000000,1.210634,0.748817,-0.614898,0.257071,1.497808
419.000000,1.264906,1.019435,-0.449418,0.106736,1.331572
420.000000,1.237826,1.179892,-0.251271,-0.118452,0.980059
421.000000,1.161921,1.204745,-0.146619,-0.494933,0.558354
422.000000,1.102569,1.210265,0.075585,-1.071548,0.615049
423.000000,0.856782,1.231483,0.298928,-1.426570,0.367144
424.000000,0.666777,1.164231,0.574626,-1.458675,0.487905
425.000000,0.617221,1.120059,0.913277,-0.979597,0.780451
426.000000,0.679264,1.103399,1.187833,-0.365584,0.855601
427.000000,0.825372,1.136602,1.508665,0.640692,1.276047
428.000000,1.006291,1.081009,1.783663,1.746900,1.214382
429.000000,1.109887,1.023352,1.940586,2.153040,1.000263
430.000000,1.136661,1.004107,1.995477,2.627528,0.936281
431.000000,1.191901,1.064120,1.982507,2.856655,1.139103
432.000000,1.105972,1.085566,1.906119,3.096852,0.891307
433.000000,0.922238,1.071645,1.807939,3.064206,0.340596
434.000000,0.815800,1.065214,1.657351,3.024740,0.476611
435.000000,0.683309,1.009991,1.503594,2.924667,0.251883
436.000000,0.180366,0.794560,1.279334,2.582568,-1.486047
437.000000,-0.148696,0.614895,1.140946,2.435176,-0.577883
438.000000,-0.468687,0.396765,0.951658,2.300907,-1.106170
439.000000,-1.173119,0.074461,0.730548,2.078081,-2.412374
440.000000,-2.109544,-0.406331,0.493207,1.792497,-3.039931
441.000000,-2.456919,-1.052873,0.289070,1.481774,-2.602706
442.000000,-2.600696,-1.624618,0.133825,1.242348,-1.553365
443.000000,-2.653077,-2.196602,-0.062958,1.007410,-2.024292
444.000000,-2.593204,-2.720285,-0.367608,0.626228,-2.493570
445.000000,-2.240855,-2.784231,-0.653814,0.328500,-1.579334
446.000000,-2.117749,-2.640717,-1.051963,-0.020889,-2.063479
447.000000,-2.350186,-2.710967,-1.635900,-0.500932,-2.701272
448.000000,-2.601639,-2.794373,-2.241678,-1.175164,-3.091836
449.000000,-2.562300,-2.690048,-2.568673,-1.699581,-2.393379
450.000000,-2.680126,-2.606062,-2.764675,-2.141953,-2.502065
451.000000,-2.546011,-2.460160,-2.774822,-2.330569,-1.794118
452.000000,-2.232469,-2.329296,-2.660416,-2.376771,-1.235905
453.000000,-1.748616,-2.123294,-2.465010,-2.296627,-0.615777
454.000000,-1.265704,-1.840637,-2.256035,-2.149224,0.074790
455.000000,-0.809610,-1.691059,-2.110849,-2.074424,-0.230079
456.000000,-0.483726,-1.527743,-1.937435,-2.010098,-0.237387
457.000000,-0.171232,-1.269902,-1.797072,-1.929956,0.230894
458.000000,-0.018820,-0.974064,-1.685328,-1.870600,0.087380
459.000000,0.138096,-0.646076,-1.513469,-1.749973,0.845351
460.000000,0.330080,-0.296132,-1.356948,-1.663128,0.648576
461.000000,0.492042,-0.028686,-1.234817,-1.616153,0.455070
462.000000,0.641385,0.231778,-1.126939,-1.539136,0.898972
463.000000,0.725181,0.367656,-1.040283,-1.484510,0.389097
464.000000,0.668040,0.436578,-0.919384,-1.436478,0.577976
465.000000,0.668520,0.562613,-0.834455,-1.390255,0.629784
466.000000,0.639634,0.659605,-0.741506,-1.317615,0.284594
467.000000,0.611552,0.751465,-0.558409,-1.260497,0.798323
468.000000,0.734876,0.885256,-0.289964,-1.198683,0.909767
469.000000,0.819480,0.906764,-0.024229,-1.112208,0.937423
470.000000,0.922519,0.975993,0.327640,-0.993338,1.077933
471.000000,1.169797,1.113688,0.686565,-0.851940,1.370900
472.000000,1.130421,1.079277,0.954579,-0.792507,0.671188
473.000000,1.062191,1.111546,1.164828,-0.707055,0.639175
474.000000,0.942147,1.078745,1.268320,-0.589508,0.425329
475.000000,0.756394,1.014921,1.397957,-0.525126,0.251978
476.000000,0.604473,1.058288,1.568528,-0.347845,0.698199
477.000000,0.657157,1.060415,1.658428,0.015099,0.920685
478.000000,0.775594,1.082544,1.742181,0.667386,1.248070
479.000000,0.960712,1.109498,1.695468,1.404096,1.366169
480.000000,1.202415,1.111329,1.648701,2.169706,1.454926
481.000000,1.301533,1.026912,1.584218,2.544320,0.992777
482.000000,1.285342,0.995132,1.449667,2.586182,0.265066
483.000000,1.133053,0.967158,1.378051,2.460827,0.045983
484.000000,0.963372,1.015242,1.326215,2.277277,0.645497
485.000000,0.431779,1.037645,1.239286,2.111541,-0.587032
486.000000,-0.144056,0.971429,1.179112,1.958108,-1.064706
487.000000,-1.106490,0.638950,1.008036,1.701393,-2.795117
488.000000,-1.922048,0.079969,0.842045,1.511049,-2.383857
489.000000,-2.845664,-0.988402,0.620891,1.223660,-2.846444
490.000000,-2.825091,-1.973988,0.433183,1.042152,-1.639590
491.000000,-2.983554,-2.837937,0.087944,0.816365,-2.708164
492.000000,-2.782674,-3.067747,-0.216158,0.554071,-2.430768
493.000000,-2.713339,-3.114576,-0.596893,0.322087,-2.455357
494.000000,-2.359351,-2.978685,-0.895587,0.141975,-1.492743
495.000000,-2.147567,-2.709626,-1.152278,-0.006975,-1.001588
496.000000,-1.805226,-2.502090,-1.533815,-0.137471,-1.066464
497.000000,-1.520921,-2.233861,-1.938647,-0.330109,-1.041332
498.000000,-1.132145,-1.993051,-2.213503,-0.508083,-0.630895
499.000000,-0.820136,-1.672023,-2.291495,-0.641583,-0.045671
500.000000,-0.575551,-1.459701,-2.247190,-0.780524,0.144917
501.000000,-0.343914,-1.176125,-2.141883,-0.975949,0.022552
502.000000,-0.061787,-0.885599,-1.980239,-1.063581,0.249980
503.000000,0.112348,-0.584584,-1.849842,-1.158890,0.147206
504.000000,0.218960,-0.354227,-1.742263,-1.187806,0.438037
505.000000,0.077790,-0.293449,-1.683550,-1.300755,-0.501216
506.000000,-0.161338,-0.291103,-1.667124,-1.520578,-1.054643
507.000000,-0.376832,-0.247587,-1.550894,-1.683163,-0.722202
508.000000,-0.414661,-0.167934,-1.405747,-1.748664,-0.001525
509.000000,-0.484996,-0.143114,-1.222659,-1.775296,0.200408
510.000000,-0.309672,-0.123986,-1.102354,-1.770228,0.408032
511.000000,0.056670,-0.071651,-0.898746,-1.722697,0.572188
512.000000,0.343698,-0.070774,-0.708824,-1.665517,0.383957
513.000000,0.395080,-0.087025,-0.508551,-1.635943,0.095184
514.000000,0.540366,-0.083235,-0.338775,-1.608998,0.770432
515.000000,0.742437,0.140421,-0.172505,-1.526361,1.209017
516.000000,1.021023,0.588992,0.059811,-1.423055,1.612897
517.000000,1.463692,1.129691,0.380512,-1.206126,2.016037
518.000000,1.794120,1.472775,0.664185,-1.026641,1.521393
519.000000,1.780834,1.631887,0.850079,-0.812088,1.024440
520.000000,1.577302,1.622096,0.976783,-0.697651,0.535714
521.000000,1.104013,1.397632,0.989505,-0.531969,-0.491600
522.000000,0.405828,1.138566,0.869411,-0.386677,-1.097092
523.000000,-0.495240,0.791554,0.591264,-0.280740,-2.302606
524.000000,-1.266852,0.413057,0.269492,-0.256343,-1.890127
525.000000,-1.972116,-0.073905,0.101848,-0.323429,-1.938719
526.000000,-2.146014,-0.559269,0.162867,-0.293035,-1.172937
527.000000,-2.032915,-1.137691,0.210000,-0.202746,-0.760948
528.000000,-1.536007,-1.609819,0.161423,-0.125093,-0.320583
529.000000,-1.299534,-2.061050,-0.028169,-0.267402,-0.960336
530.000000,-1.032612,-2.320216,-0.248443,-0.472047,-0.929025
531.000000,-0.928977,-2.258161,-0.473725,-0.645053,-0.799948
532.000000,-0.241942,-1.611299,-0.219714,-0.386431,1.911143
533.000000,0.509387,-0.712246,0.194366,0.079243,2.307903
534.000000,1.410877,0.123808,0.528757,0.568154,2.188775
535.000000,2.189620,1.017935,0.853867,1.540273,2.189676
536.000000,2.521080,1.549386,0.994207,2.392223,1.511425
537.000000,2.321610,1.938238,1.090806,2.820365,1.564822
538.000000,2.018246,2.109220,1.206181,2.777899,1.242980
539.000000,1.817158,2.324277,1.478591,2.705513,1.400055
540.000000,1.655854,2.474057,1.906222,2.643068,1.537350
541.000000,1.800253,2.638211,2.604584,2.692365,2.150242
542.000000,1.918534,2.520207,3.062772,2.736113,2.111562
543.000000,2.089861,2.406219,3.318232,2.789337,2.143409
544.000000,2.135282,2.285660,3.271908,2.734989,1.837509
545.000000,2.065190,2.129362,3.129112,2.614753,1.458743
546.000000,1.892196,2.050904,2.950267,2.494494,1.409605
547.000000,1.687514,1.948444,2.760043,2.337692,1.177788
548.000000,1.455031,1.868278,2.580844,2.216381,1.035351
549.000000,1.255307,1.768955,2.454013,2.121856,0.888122
550.000000,1.149020,1.679698,2.356842,2.073031,0.957430
551.000000,1.038073,1.538184,2.265548,2.062418,0.889554
552.000000,0.992290,1.414142,2.108651,2.073633,0.973038
553.000000,1.083334,1.343902,2.005766,2.153005,1.499948
554.000000,1.156382,1.272864,1.905125,2.172394,1.259667
555.000000,1.350610,1.307977,1.859949,2.228880,1.904837
556.000000,1.552576,1.341057,1.841594,2.237842,1.836202
557.000000,1.771410,1.419288,1.833051,2.236082,1.983818
558.000000,1.797546,1.476898,1.814485,2.196184,1.606247
559.000000,1.797003,1.514808,1.769368,2.154149,1.215046
560.000000,1.677494,1.557839,1.727474,2.120278,1.277227
561.000000,1.579699,1.618170,1.664395,2.089353,1.322453
562.000000,1.452801,1.681547,1.609692,2.013132,1.428295
563.000000,1.453471,1.703620,1.564182,1.947384,1.664488
564.000000,1.525279,1.741767,1.530291,1.889320,1.551877
565.000000,1.564313,1.692621,1.516084,1.833126,1.484654
566.000000,1.573152,1.639146,1.502706,1.795340,1.377112
567.000000,1.490829,1.528397,1.491505,1.747570,1.027089
568.000000,1.320834,1.444217,1.484706,1.706803,0.806033
569.000000,1.245671,1.447520,1.508480,1.678112,1.188904
570.000000,1.208753,1.456015,1.538217,1.652693,1.325867
571.000000,1.223438,1.473510,1.580416,1.614422,1.469313
572.000000,1.295222,1.465890,1.612004,1.573812,1.349297
573.000000,1.467663,1.456396,1.618730,1.538818,1.610634
574.000000,1.535801,1.451018,1.636221,1.513129,1.535241
575.000000,1.563836,1.448413,1.607062,1.502279,1.485689
576.000000,1.450244,1.398430,1.553632,1.478696,0.942686
577.000000,1.401924,1.410226,1.497474,1.474051,1.122203
578.000000,1.238150,1.411427,1.451600,1.469372,0.787424
579.000000,1.101032,1.379216,1.437819,1.477054,0.855764
580.000000,1.028009,1.364877,1.435715,1.493868,1.201041
581.000000,1.071767,1.329274,1.429193,1.514311,1.148506
582.000000,0.988484,1.268625,1.398236,1.521689,0.618828
583.000000,0.998239,1.179034,1.354213,1.505532,0.662014
584.000000,0.918098,1.065009,1.304535,1.494816,0.186935
585.000000,0.774611,0.969779,1.269397,1.457842,0.604085
586.000000,0.874116,1.043736,1.276380,1.443065,1.770354
587.000000,1.246997,1.136089,1.323608,1.425519,2.135497
588.000000,1.344325,1.191154,1.346769,1.404158,1.050459
589.000000,1.418901,1.186033,1.324922,1.393962,0.544744
590.000000,1.325761,1.076612,1.279626,1.372736,0.117318
591.000000,0.908559,0.933700,1.212268,1.343939,-0.283978
592.000000,0.024767,0.719346,1.106394,1.284374,-1.718873
593.000000,-0.660083,0.487374,0.974937,1.213342,-1.528712
594.000000,-1.369069,0.233876,0.814000,1.134072,-1.944922
595.000000,-1.686182,0.012753,0.673952,1.074696,-1.045852
596.000000,-1.833636,-0.422416,0.576262,1.018770,-1.007722
597.000000,-1.454652,-0.885213,0.486576,1.005193,-0.198666
598.000000,-0.932293,-1.068047,0.483956,1.032245,0.723034
599.000000,-0.292698,-1.174316,0.467638,1.033954,0.588465
600.000000,0.198100,-1.147130,0.416081,1.032903,0.775835
601.000000,0.749744,-0.980336,0.382681,1.025163,0.900763
602.000000,0.946905,-0.567114,0.393615,1.012842,0.489416
603.000000,0.832328,-0.170144,0.382651,0.967871,0.333711
604.000000,0.908890,0.514899,0.506852,0.942949,0.909898
605.000000,0.686321,0.765271,0.458028,0.870812,-0.062544
606.000000,0.686572,1.210307,0.336527,0.903606,0.912168
607.000000,0.558293,1.227173,-0.075170,0.866880,0.000719
608.000000,0.636657,1.178483,-0.221750,0.916323,0.634222
609.000000,0.324979,0.982221,-0.450343,0.900995,-0.259988
610.000000,0.428319,0.883211,-0.445222,0.866068,0.333642
611.000000,-0.250269,0.348179,-0.808728,0.626691,-1.594847
612.000000,-1.164993,-0.512460,-1.279228,0.192936,-2.894953
613.000000,-1.826661,-1.070825,-1.457403,-0.221254,-1.806044
614.000000,-1.802016,-1.348664,-1.081565,-0.382501,-0.463779
615.000000,-1.853258,-1.374294,-0.897288,-0.644875,-0.316403
616.000000,-1.697552,-1.731014,-0.939960,-1.418585,-1.035916
617.000000,-1.034921,-1.728930,-0.972453,-2.116933,-0.298000
618.000000,-0.722612,-1.902777,-1.362093,-2.453648,-0.656164
619.000000,-0.717384,-1.876719,-1.692671,-2.451790,-0.420635
620.000000,-0.846443,-1.989514,-2.207693,-2.385174,-0.774066
621.000000,-0.865439,-1.864388,-2.800112,-2.317997,-1.136259
622.000000,-1.248393,-1.610556,-3.196372,-2.191262,-1.773691
623.000000,-1.552725,-1.576449,-3.275676,-2.132829,-1.883022
624.000000,-2.112607,-1.936307,-3.390982,-2.175338,-2.683742
625.000000,-2.128913,-1.985539,-3.051892,-2.083531,-1.212489
626.000000,-2.339367,-2.114424,-3.049557,-2.173711,-2.270441
627.000000,-2.225240,-2.191274,-2.857580,-2.215898,-1.598083
628.000000,-2.070947,-2.181797,-2.738094,-2.287912,-1.457709
629.000000,-1.822988,-2.209138,-2.607613,-2.342644,-1.613866
630.000000,-1.849715,-2.176227,-2.523078,-2.372993,-1.507640
631.000000,-1.686629,-2.119551,-2.361555,-2.394992,-1.539294
632.000000,-1.741785,-2.067687,-2.188807,-2.414501,-1.864952
633.000000,-1.787491,-2.000984,-2.097191,-2.396816,-1.705674
634.000000,-1.738236,-1.842809,-2.072521,-2.370833,-1.415215
635.000000,-1.706439,-1.831348,-2.055969,-2.303094,-1.387149
636.000000,-1.777237,-1.786615,-2.043227,-2.315321,-1.885280
637.000000,-1.864423,-1.857508,-2.091213,-2.316947,-2.242637
638.000000,-1.816001,-1.850532,-2.056746,-2.282578,-1.488611
639.000000,-1.772737,-1.801414,-2.016531,-2.211414,-1.222033
640.000000,-1.756984,-1.775300,-1.973955,-2.169825,-1.290534
641.000000,-1.591493,-1.723960,-1.912734,-2.072550,-1.079504
642.000000,-1.423293,-1.682739,-1.865697,-1.969523,-1.539455
643.000000,-1.476839,-1.682971,-1.836898,-1.925002,-1.765675
644.000000,-1.752042,-1.799518,-1.828613,-1.969134,-2.449302
645.000000,-1.896708,-1.863314,-1.857036,-1.989281,-2.023780
646.000000,-1.942318,-1.809328,-1.806627,-1.956250,-1.473484
647.000000,-1.874542,-1.696501,-1.777912,-1.932941,-1.266739
648.000000,-1.802887,-1.679594,-1.765695,-1.908951,-1.395210
649.000000,-1.528122,-1.657234,-1.730923,-1.878819,-1.083850
650.000000,-1.201104,-1.564572,-1.668960,-1.818490,-0.373857
651.000000,-0.814875,-1.421617,-1.569755,-1.728860,0.553472
652.000000,-0.569624,-1.304397,-1.491613,-1.661224,-0.070612
653.000000,-0.436598,-1.240277,-1.463666,-1.627724,-0.932406
654.000000,-0.245130,-1.017924,-1.421833,-1.556030,-0.314086
655.000000,-0.035994,-0.744543,-1.346647,-1.505029,0.607744
656.000000,-0.155567,-0.567088,-1.266759,-1.441993,0.109138
657.000000,-0.232495,-0.455207,-1.184780,-1.418703,-0.406241
658.000000,0.006860,-0.263837,-1.129208,-1.390300,0.036639
659.000000,0.240170,-0.037931,-1.064525,-1.342174,0.663931
660.000000,0.339746,0.141466,-0.977907,-1.289160,1.105123
661.000000,0.410222,0.097717,-0.938574,-1.258950,0.328087
662.000000,0.541843,0.110265,-0.884368,-1.225607,-0.056068
663.000000,0.269264,0.138390,-0.857425,-1.228857,-1.124898
664.000000,-0.694159,-0.191705,-0.845440,-1.298436,-2.591107
665.000000,-2.083229,-0.946789,-0.941307,-1.411590,-3.131456
666.000000,-2.781226,-1.587180,-1.078812,-1.483137,-2.446542
667.000000,-2.796355,-1.831976,-1.141577,-1.472556,-1.243704
668.000000,-2.467962,-1.958015,-1.124161,-1.467549,-0.561145
669.000000,-1.909225,-2.089759,-1.120060,-1.465436,-0.295791
670.000000,-1.226777,-2.222106,-1.210663,-1.458091,-0.241216
671.000000,-0.953804,-2.402083,-1.598697,-1.529272,-1.358265
672.000000,-1.000251,-2.475600,-1.936377,-1.584385,-1.394909
673.000000,-1.280375,-2.434885,-2.186672,-1.641949,-1.610409
674.000000,-1.651014,-2.259050,-2.496104,-1.648991,-1.830535
675.000000,-1.717627,-1.850498,-2.607689,-1.596204,-0.794393
676.000000,-1.540066,-1.553470,-2.588175,-1.577623,-0.753390
677.000000,-1.391946,-1.459726,-2.494493,-1.575967,-0.836939
678.000000,-1.191383,-1.455372,-2.417599,-1.550564,-0.785526
679.000000,-0.830535,-1.416058,-2.325981,-1.506600,-0.323630
680.000000,-0.615331,-1.326962,-2.223514,-1.480782,0.110529
681.000000,-0.412407,-1.115471,-2.092413,-1.522567,0.124569
682.000000,-0.122501,-0.873108,-1.939074,-1.495711,0.414728
683.000000,-0.040748,-0.720969,-1.830545,-1.478904,-0.486241
684.000000,0.034210,-0.474736,-1.604886,-1.470806,-0.029322
685.000000,-0.081945,-0.417663,-1.370230,-1.547760,-0.387168
686.000000,-0.210369,-0.367921,-1.187213,-1.593957,-0.409596
687.000000,-0.464925,-0.327784,-1.128248,-1.618742,-0.605189
688.000000,-0.476108,-0.282330,-1.124021,-1.659949,-0.522155
689.000000,-0.776394,-0.395265,-1.194100,-1.774591,-1.189219
690.000000,-0.903747,-0.544730,-1.238156,-1.875252,-0.801152
691.000000,-0.845422,-0.605219,-1.130102,-1.881636,0.124067
692.000000,-1.089790,-0.928880,-1.108932,-1.944834,-1.338026
693.000000,-1.307155,-1.076458,-1.031962,-1.927585,-0.780557
694.000000,-0.890422,-1.227449,-0.860558,-1.775270,0.254530
695.000000,-0.505453,-1.240042,-0.794798,-1.558909,0.277017
696.000000,-0.401156,-1.141438,-0.711397,-1.362871,0.501236
697.000000,0.214428,-0.935611,-0.607469,-1.261658,0.516427
698.000000,0.612122,-0.739932,-0.510432,-1.222346,0.419894
699.000000,0.638171,-0.248952,-0.484087,-1.208506,0.400853
700.000000,0.587904,0.062565,-0.568887,-1.214643,0.134864
701.000000,0.269693,-0.132095,-0.749028,-1.153686,-0.624584
702.000000,0.361639,0.505849,-0.874982,-1.012680,0.881814
703.000000,0.556363,1.021498,-0.749169,-0.823839,1.170980
704.000000,0.434205,0.947627,-0.903246,-0.652626,-0.036458
705.000000,0.377566,0.836736,-0.960157,-0.596232,-0.131492
706.000000,0.482755,0.615664,-1.053655,-0.552657,-0.376395
707.000000,0.685105,0.826604,-0.482987,-0.384841,1.597887
708.000000,0.832067,1.086307,0.380535,-0.195218,1.643125
709.000000,1.164325,1.233692,1.646287,-0.084977,1.098536
710.000000,1.245644,1.254590,2.107010,-0.093043,0.261657
711.000000,1.379561,1.416730,1.981310,-0.105619,0.243663
712.000000,0.557525,0.897591,1.975449,-0.321034,-1.484575
713.000000,-0.425811,0.280897,1.706877,-0.421333,-1.676052
714.000000,-1.346976,-0.102190,1.049484,-0.690225,-1.766627
715.000000,-1.953783,-0.505744,0.389258,-0.947649,-1.777267
716.000000,-2.439628,-0.934020,-0.446200,-1.302612,-1.920284
717.000000,-2.399836,-1.747700,-1.306159,-1.660177,-1.837241
718.000000,-2.259396,-2.368949,-1.939297,-1.990545,-1.560345
719.000000,-2.205315,-2.718788,-2.466640,-2.050273,-1.864292
720.000000,-2.120781,-2.748945,-2.708644,-2.111501,-1.693528
721.000000,-2.003724,-2.723123,-2.687158,-2.320113,-1.634590
722.000000,-1.933391,-2.544053,-2.859395,-2.230680,-1.702016
723.000000,-2.030136,-2.461135,-3.011606,-2.351533,-2.126094
724.000000,-1.917259,-2.305518,-2.854311,-2.450882,-1.532852
725.000000,-1.943613,-2.238365,-2.785632,-2.559416,-1.943309
726.000000,-1.869453,-2.103793,-2.644317,-2.562933,-1.474510
727.000000,-1.586441,-1.867938,-2.531400,-2.418149,-0.450514
728.000000,-1.178235,-1.653277,-2.412874,-2.257015,-0.120367
729.000000,-0.871006,-1.429529,-2.278452,-2.114167,-0.008217
730.000000,-0.473499,-1.248283,-2.131106,-1.987192,-0.074657
731.000000,-0.158478,-1.078569,-2.007180,-1.839867,-0.061337
732.000000,-0.164830,-0.959948,-1.865924,-1.842016,-0.499475
733.000000,-0.457000,-0.900324,-1.813883,-1.940599,-1.473744
734.000000,-0.872470,-0.949274,-1.792746,-1.999352,-1.830527
735.000000,-1.398755,-1.014427,-1.814106,-2.086017,-2.281080
736.000000,-1.742871,-1.051173,-1.772528,-2.091762,-1.610095
737.000000,-1.841772,-1.140906,-1.696831,-2.124779,-1.068558
738.000000,-1.854943,-1.333203,-1.677694,-2.187812,-1.595391
739.000000,-1.926224,-1.610050,-1.691179,-2.252358,-2.202340
740.000000,-1.757903,-1.789686,-1.670985,-2.228755,-1.516538
741.000000,-1.611096,-1.894022,-1.612062,-2.165505,-0.772380
742.000000,-1.882876,-2.094357,-1.646546,-2.131075,-2.182281
743.000000,-2.326288,-2.330440,-1.756945,-2.172179,-3.241516
744.000000,-2.363906,-2.383624,-1.836366,-2.153761,-2.322642
745.000000,-2.236090,-2.217522,-1.794268,-2.069349,-1.171438
746.000000,-2.199058,-2.119803,-1.769330,-1.982447,-0.994778
747.000000,-1.933788,-2.073982,-1.803274,-1.906070,-0.931139
748.000000,-1.309602,-1.898462,-1.807349,-1.816504,-0.319770
749.000000,-0.771471,-1.628676,-1.787862,-1.712640,0.076963
750.000000,-0.371619,-1.384093,-1.730607,-1.601260,0.601868
751.000000,-0.007632,-1.229928,-1.685952,-1.502928,0.575714
752.000000,0.289188,-0.975558,-1.639241,-1.426226,0.304514
753.000000,0.469225,-0.525016,-1.526935,-1.330311,0.429064
754.000000,0.517766,-0.173200,-1.407702,-1.267435,0.274288
755.000000,0.298656,-0.053450,-1.296825,-1.216266,-0.326848
756.000000,0.045503,0.022188,-1.243016,-1.193058,-0.490646
757.000000,-0.246912,0.030193,-1.266480,-1.240780,-0.932035
758.000000,-0.583836,-0.059852,-1.261081,-1.308068,-0.995600
759.000000,-0.983002,-0.271953,-1.249100,-1.404455,-1.427740
760.000000,-1.364532,-0.647797,-1.329086,-1.526412,-1.916534
761.000000,-1.950657,-1.187683,-1.546553,-1.706307,-2.755233
762.000000,-2.273543,-1.611497,-1.622475,-1.833845,-2.173443
763.000000,-2.668888,-2.156749,-1.663413,-1.959894,-2.725120
764.000000,-2.724368,-2.496248,-1.717621,-2.026255,-2.140701
765.000000,-2.704923,-2.706670,-1.907505,-2.079061,-2.329481
766.000000,-2.589794,-2.846790,-2.125641,-2.172097,-2.443696
767.000000,-2.578024,-2.874362,-2.323472,-2.273965,-2.388450
768.000000,-2.379076,-2.794189,-2.461800,-2.293604,-1.936567
769.000000,-2.151870,-2.594538,-2.489161,-2.219759,-1.263741
770.000000,-1.972676,-2.438752,-2.548397,-2.194311,-1.486749
771.000000,-1.756714,-2.244136,-2.559475,-2.181179,-1.368443
772.000000,-1.565884,-2.128610,-2.539664,-2.128063,-1.438882
773.000000,-1.478431,-1.992308,-2.514712,-2.035180,-1.521695
774.000000,-1.482209,-1.888091,-2.453014,-1.964201,-1.340391
775.000000,-1.393817,-1.749417,-2.353399,-1.923816,-1.104244
776.000000,-1.385694,-1.635741,-2.285649,-1.911970,-1.351230
777.000000,-1.333647,-1.509867,-2.199372,-1.891422,-1.207039
778.000000,-1.255164,-1.420605,-2.119862,-1.886427,-1.143665
779.000000,-1.201288,-1.390082,-2.035775,-1.887603,-1.081032
780.000000,-1.276675,-1.383715,-1.979275,-1.926634,-1.492090
781.000000,-1.250951,-1.359595,-1.886299,-1.940659,-1.235987
782.000000,-1.243982,-1.322541,-1.816505,-1.940068,-1.172064
783.000000,-1.271790,-1.290029,-1.737339,-1.946937,-1.278289
784.000000,-1.276513,-1.258313,-1.670642,-1.937975,-1.062842
785.000000,-1.077846,-1.201264,-1.570496,-1.892768,-0.423847
786.000000,-0.873285,-1.095904,-1.455278,-1.841638,-0.081486
787.000000,-0.652362,-1.002983,-1.340844,-1.787403,0.018687
788.000000,-0.399659,-0.928871,-1.256512,-1.745202,-0.120211
789.000000,-0.133200,-0.849028,-1.205326,-1.696356,0.096592
790.000000,-0.025861,-0.708164,-1.147814,-1.646533,-0.002689
791.000000,0.059598,-0.562952,-1.087908,-1.573355,0.372207
792.000000,0.210019,-0.377313,-1.015375,-1.511220,0.826120
793.000000,0.533829,-0.095520,-0.926426,-1.426076,1.262542
794.000000,0.931692,0.241562,-0.838593,-1.352537,1.656555
795.000000,1.490418,0.570791,-0.750102,-1.263104,2.025160
796.000000,1.989255,0.946514,-0.613785,-1.153509,2.257478
797.000000,2.351811,1.414647,-0.445781,-1.021568,2.544973
798.000000,2.522217,1.892823,-0.242981,-0.895503,2.437451
799.000000,2.564150,2.235150,0.001475,-0.794836,2.306244
800.000000,2.479815,2.427060,0.354541,-0.676542,2.021457
801.000000,2.390150,2.508229,0.769780,-0.544118,2.067178
802.000000,2.220223,2.475703,1.239304,-0.393484,1.846290
803.000000,2.077634,2.408006,1.749974,-0.207621,1.824681
804.000000,1.927967,2.305998,2.136591,-0.009421,1.622175
805.000000,1.765726,2.160935,2.287813,0.186908,1.283045
806.000000,1.671319,2.062031,2.339561,0.483763,1.589687
807.000000,1.652488,1.971063,2.341464,0.848953,1.737931
808.000000,1.633511,1.890565,2.320597,1.271775,1.719592
809.000000,1.575059,1.784954,2.243129,1.673757,1.361122
810.000000,1.554152,1.692715,2.165823,2.051770,1.221974
811.000000,1.419809,1.570964,2.065639,2.243459,0.917220
812.000000,1.250627,1.470787,1.971773,2.313327,0.874275
813.000000,1.097597,1.385230,1.890735,2.322345,0.975536
814.000000,1.026227,1.325333,1.820507,2.274413,1.033909
815.000000,0.940783,1.282153,1.740780,2.164159,0.809775
816.000000,1.028417,1.256138,1.689297,2.081506,1.368802
817.000000,1.229840,1.256253,1.652661,2.033799,1.839419
818.000000,1.360332,1.232323,1.604966,1.989783,1.579651
819.000000,1.445989,1.237154,1.557412,1.942232,1.426890
820.000000,1.565271,1.254775,1.520097,1.906364,1.379021
821.000000,1.483638,1.267562,1.460733,1.852257,0.884490
822.000000,1.318388,1.297728,1.417721,1.806009,1.003585
823.000000,1.235084,1.331270,1.382103,1.765580,1.187977
824.000000,1.156115,1.346900,1.352321,1.723698,1.039278
825.000000,1.097583,1.399237,1.346933,1.683137,1.131350
826.000000,1.148121,1.380141,1.320330,1.637616,1.023331
827.000000,1.149553,1.285500,1.279475,1.582353,0.913604
828.000000,1.030355,1.191314,1.226707,1.522470,0.562638
829.000000,1.079248,1.167205,1.220504,1.481718,1.261386
830.000000,1.189045,1.182791,1.237769,1.457389,1.631175
831.000000,1.232527,1.238617,1.266518,1.422354,1.170909
832.000000,1.343788,1.296923,1.307432,1.398956,1.359680
833.000000,1.532228,1.328319,1.341362,1.375490,1.358373
834.000000,1.510272,1.358560,1.363241,1.356421,1.132693
835.000000,1.449414,1.399769,1.413453,1.359284,1.352263
836.000000,1.216258,1.313864,1.371860,1.322028,-0.019888
837.000000,0.895416,1.224149,1.278174,1.272556,-0.129811
838.000000,0.658252,1.226723,1.217868,1.229684,0.372619
839.000000,0.139735,0.973599,1.106595,1.178396,-1.042896
840.000000,-0.395616,0.678320,1.000604,1.138704,-0.847848
841.000000,-0.865072,0.290167,0.885455,1.094730,-1.970763
842.000000,-1.146564,-0.071164,0.789125,1.071871,-1.260625
843.000000,-1.630591,-0.523113,0.651963,1.036666,-1.522441
844.000000,-1.600526,-0.884265,0.561110,1.016666,-0.764965
845.000000,-1.764371,-1.383553,0.421576,1.002722,-1.318106
846.000000,-1.574747,-1.637784,0.273061,0.947383,-1.240507
847.000000,-1.702186,-1.943430,0.043168,0.811855,-1.968660
848.000000,-1.745852,-2.264516,-0.201663,0.668884,-1.968117
849.000000,-1.885671,-2.236266,-0.559735,0.519728,-1.683640
850.000000,-1.761840,-2.108311,-0.930715,0.379955,-0.948825
851.000000,-1.708892,-1.875134,-1.289676,0.258859,-1.129566
852.000000,-1.322670,-1.656636,-1.556636,0.155580,-0.238265
853.000000,-1.026890,-1.489247,-1.825857,-0.022127,-0.610837
854.000000,-0.692298,-1.377740,-1.948341,-0.178778,-0.173691
855.000000,-0.467639,-1.202802,-2.000644,-0.352884,0.071023
856.000000,-0.211362,-1.054786,-1.888879,-0.544563,0.016104
857.000000,-0.121798,-0.808128,-1.764800,-0.734041,0.165838
858.000000,0.083887,-0.535918,-1.690773,-0.878753,0.298018
859.000000,0.204415,-0.282832,-1.493566,-1.143724,0.361645
860.000000,0.295641,-0.106365,-1.328486,-1.438270,0.491582
861.000000,0.376715,0.085488,-1.098560,-1.620822,0.375990
862.000000,0.534946,0.222897,-0.916204,-1.704786,0.903104
863.000000,0.645602,0.399239,-0.740842,-1.765663,0.772339
864.000000,0.818014,0.556642,-0.617659,-1.735339,1.092406
865.000000,0.924957,0.661590,-0.481603,-1.760889,0.870693
866.000000,0.823249,0.660539,-0.423183,-1.714358,-0.343246
867.000000,0.590368,0.661297,-0.267649,-1.650209,-0.131212
868.000000,0.065492,0.499620,-0.177300,-1.749138,-1.418239
869.000000,-0.569970,0.306057,-0.087918,-1.675409,-1.261910
870.000000,-1.071847,0.067577,-0.069664,-1.631555,-1.108737
871.000000,-1.014223,-0.034827,0.073255,-1.416871,-0.191173
872.000000,-0.977214,-0.226326,0.113555,-1.300071,-0.044896
873.000000,-0.706888,-0.418815,0.200187,-1.188335,-0.276222
874.000000,-0.316488,-0.561499,0.297721,-1.128458,0.354986
875.000000,0.030109,-0.652971,0.354074,-1.037939,0.286374
876.000000,-0.196826,-0.765346,0.219553,-1.081816,-1.118999
877.000000,-1.012485,-1.244498,-0.388696,-1.234059,-2.976421
878.000000,-1.393889,-1.314665,-0.876510,-1.210580,-1.693822
879.000000,-1.522438,-1.165864,-1.072622,-1.014144,-0.234516
880.000000,-1.462845,-0.933057,-1.120339,-0.832399,0.447936
881.000000,-1.183142,-0.891502,-1.172647,-0.635780,0.147481
882.000000,-0.646422,-1.060765,-1.554602,-0.773843,-0.996752
883.000000,-0.310651,-1.103820,-1.739044,-0.761267,-0.496497
884.000000,-0.305067,-1.188010,-1.889976,-0.800460,-0.213476
885.000000,-0.358252,-1.175214,-1.895486,-0.822194,0.250351
886.000000,-0.160499,-0.853611,-1.631471,-0.717831,0.868756
887.000000,0.371537,-0.175649,-1.417856,-0.629618,0.936917
888.000000,0.705100,0.242517,-1.083291,-0.634914,0.704639
889.000000,0.963794,0.404614,-0.770030,-0.662919,0.717646
890.000000,1.228110,0.538680,-0.392124,-0.579554,1.215175
891.000000,1.396181,0.780652,-0.105006,-0.298050,1.476395
892.000000,1.505314,1.191997,0.135971,-0.217244,1.335968
893.000000,1.864380,1.643290,0.552149,0.480847,2.030110
894.000000,2.090641,1.958493,0.818629,1.146475,1.701563
895.000000,2.291915,2.243826,1.200672,2.574565,2.165227
896.000000,2.387821,2.381083,1.759875,3.865124,2.176875
897.000000,2.265060,2.318284,2.314511,3.723039,1.326594
898.000000,2.062617,2.286444,2.552837,3.723357,1.480005
899.000000,1.830135,2.157412,2.459559,3.446917,0.889135
900.000000,1.538481,1.999755,2.309713,3.225738,0.872988
901.000000,1.107887,1.771696,2.146391,2.841416,0.259448
902.000000,0.495853,1.396807,1.926819,2.299983,-1.360862
903.000000,-0.327044,0.903905,1.641240,1.812515,-1.875712
904.000000,-1.046342,0.431360,1.354897,1.302297,-1.913263
905.000000,-1.804838,-0.199318,0.993129,0.723023,-2.233254
906.000000,-2.123779,-0.750177,0.691947,0.484185,-1.520823
907.000000,-2.148961,-1.236016,0.357381,0.472758,-1.778292
908.000000,-2.091671,-1.721161,0.025923,0.249398,-1.824262
909.000000,-2.016083,-2.043583,-0.312781,-0.204762,-1.740468
910.000000,-1.756734,-2.191415,-0.614158,-0.619549,-1.199754
911.000000,-1.584352,-2.185672,-0.887196,-0.893192,-0.878075
912.000000,-1.448741,-2.072198,-1.195382,-1.088921,-1.173264
913.000000,-1.282459,-1.910338,-1.530315,-1.305437,-1.036106
914.000000,-1.114767,-1.752938,-1.794109,-1.517738,-0.950594
915.000000,-1.044621,-1.563551,-2.046578,-1.739393,-0.882534
916.000000,-1.043713,-1.462627,-2.238354,-1.984005,-0.900372
917.000000,-0.957274,-1.332822,-2.281414,-2.136517,-0.774693
918.000000,-0.922480,-1.218662,-2.309082,-2.231977,-0.876899
919.000000,-0.891196,-1.106094,-2.262027,-2.270909,-0.806103
920.000000,-0.856015,-1.043593,-2.200488,-2.300437,-0.717971
921.000000,-0.777325,-0.995221,-2.093949,-2.291504,-0.523858
922.000000,-0.731098,-0.921435,-1.926176,-2.261874,-0.551435
923.000000,-0.669900,-0.868627,-1.761167,-2.271557,-0.585495
924.000000,-0.670673,-0.852300,-1.631460,-2.269352,-0.825425
925.000000,-0.596926,-0.795282,-1.460188,-2.241232,-0.342154
926.000000,-0.541529,-0.724617,-1.341892,-2.211681,-0.195460
927.000000,-0.478814,-0.669920,-1.226990,-2.142515,-0.189892
928.000000,-0.382972,-0.593424,-1.114391,-2.094397,-0.055834
929.000000,-0.206565,-0.527048,-1.011739,-2.033623,-0.077499
930.000000,-0.090860,-0.450381,-0.939584,-1.981479,0.335092
931.000000,-0.034533,-0.417783,-0.903632,-1.925086,0.081308
932.000000,0.113312,-0.359640,-0.840940,-1.801890,0.540462
933.000000,1.009598,-0.105722,-0.728601,-1.621694,3.352173
934.000000,2.447532,0.342075,-0.618160,-1.453390,2.722770
935.000000,2.982637,0.869887,-0.498323,-1.265318,2.616161
936.000000,3.025240,1.502014,-0.377752,-1.139756,1.838292
937.000000,3.157559,2.416456,-0.212697,-0.983516,2.576529
938.000000,2.885315,2.920686,0.014237,-0.812915,2.588636
939.000000,2.719882,2.969036,0.275474,-0.637136,2.321844
940.000000,2.153252,2.595971,0.452988,-0.556859,0.273211
941.000000,1.778695,2.381042,0.630780,-0.500371,0.191894
942.000000,1.265855,2.202263,0.851276,-0.413473,0.135108
943.000000,0.624191,1.795461,1.074220,-0.345798,-0.288917
944.000000,0.417026,1.681489,1.532403,-0.205859,1.427638
945.000000,0.666535,1.557523,1.813311,-0.056066,1.282325
946.000000,0.620499,1.344259,1.830590,0.057830,-0.013984
947.000000,0.732086,1.120918,1.848656,0.208780,0.586256
948.000000,0.960986,0.888407,1.817530,0.412583,0.682322
949.000000,0.738940,0.648042,1.769901,0.631378,0.485791
950.000000,0.373475,0.587085,1.653617,0.819034,-0.236563
951.000000,0.079523,0.402894,1.514824,0.910882,-1.236035
952.000000,-0.195792,0.325019,1.440787,1.067474,-0.489310
953.000000,-0.704331,0.196213,1.178175,1.146886,-1.254611
954.000000,-1.116531,-0.163712,0.955886,1.260951,-1.078770
955.000000,-1.394753,-0.570210,0.703529,1.211647,-1.312800
956.000000,-1.432122,-0.804582,0.473700,1.105853,-1.384727
957.000000,-1.522944,-1.067292,0.195503,1.041843,-0.863286
958.000000,-1.410428,-1.341201,-0.134535,0.965339,-0.854680
959.000000,-1.376505,-1.586074,-0.496595,0.894573,-0.976607
960.000000,-1.310563,-1.709166,-0.674692,0.797565,-1.073681
961.000000,-1.315610,-1.726981,-0.911278,0.709839,-1.411650
962.000000,-1.054842,-1.612207,-0.968453,0.769393,0.169635
963.000000,-1.172528,-1.601953,-1.170614,0.462276,-1.356961
964.000000,-1.197512,-1.571481,-1.564782,0.115148,-1.152375
965.000000,-1.178527,-1.491194,-1.882043,-0.328956,-1.079371
966.000000,-1.210929,-1.476527,-2.028774,-0.920086,-1.562109
967.000000,-1.722951,-1.590319,-2.223567,-1.842691,-1.997500
968.000000,-1.990651,-1.761709,-2.383995,-2.707383,-2.476127
969.000000,-2.230644,-1.871756,-2.418744,-3.054398,-2.225947
970.000000,-2.368942,-1.930548,-2.351809,-2.936441,-1.901867
971.000000,-2.426369,-1.990376,-2.249210,-2.839563,-2.080380
972.000000,-2.041846,-2.016106,-2.089119,-2.580537,-0.519057
973.000000,-1.043488,-1.574276,-1.723313,-2.122222,1.854411
974.000000,-0.012041,-1.141050,-1.404584,-1.862107,2.140255
975.000000,1.338814,-0.504829,-0.986553,-1.504290,3.000398
976.000000,2.301101,0.078799,-0.674280,-1.201812,1.932819
977.000000,2.655811,0.762113,-0.409795,-0.987060,1.740961
978.000000,2.514378,1.540550,-0.131768,-0.787571,1.704770
979.000000,2.325062,2.161874,0.168877,-0.583616,1.604303
980.000000,2.013697,2.607169,0.535256,-0.288694,1.720038
981.000000,1.949707,2.882753,0.985148,0.127804,1.789647
982.000000,1.799811,2.786726,1.233780,0.401411,1.236262
983.000000,1.804876,2.590822,1.706106,0.869175,1.801494
984.000000,1.621269,2.289615,1.930830,1.135605,0.875694
985.000000,1.320831,1.894367,2.001893,1.308204,0.360551
986.000000,0.987207,1.638056,2.050673,1.445770,0.224807
987.000000,0.836837,1.467800,2.135163,1.578960,0.517742
988.000000,0.523920,1.298920,2.188606,1.666150,0.380600
989.000000,0.430366,1.160730,2.201204,1.754812,0.455604
990.000000,0.467226,1.021637,2.191962,1.837069,0.525725
991.000000,0.663493,0.944815,2.242330,1.996377,1.103149
992.000000,0.644254,0.847205,2.132906,1.933829,0.431498
993.000000,0.692949,0.695788,1.947079,1.973266,0.600165
994.000000,0.634490,0.609309,1.748524,1.933743,0.183934
995.000000,0.542166,0.578302,1.515734,1.881103,0.093498
996.000000,0.236196,0.520178,1.336515,1.821601,-0.286831
997.000000,0.042950,0.406083,1.173131,1.779557,-0.466074
998.000000,-0.217144,0.302584,1.019916,1.769380,-0.567338
999.000000,-0.345275,0.214974,0.898391,1.778948,-0.342288
1000.000000,-0.494024,0.102916,0.763951,1.782891,-0.474935
1001.000000,-0.502467,-0.077231,0.640275,1.835144,-0.116891
1002.000000,-0.298329,-0.099160,0.600054,1.856579,0.836484
1003.000000,0.202918,-0.100220,0.522524,1.791831,1.462783
1004.000000,0.802827,0.007023,0.540689,1.726718,1.472413
1005.000000,1.285163,0.106363,0.589736,1.584096,0.957095
1006.000000,1.635613,0.432688,0.688709,1.523006,1.363399
1007.000000,1.569845,0.812485,0.724180,1.452884,0.760549
1008.000000,1.680445,1.504807,0.880724,1.442064,1.949998
1009.000000,1.793326,2.036331,1.062840,1.445820,1.963350
1010.000000,2.056368,2.432659,1.286945,1.451849,2.135174
1011.000000,2.158735,2.571258,1.407373,1.437096,1.977962
1012.000000,2.120427,2.413013,1.568826,1.416001,1.047895
1013.000000,1.513075,1.982488,1.455658,1.226196,-0.623615
1014.000000,1.035393,1.688202,1.479991,1.155411,-0.181448
1015.000000,0.636308,1.570840,1.611286,1.177257,0.393531
1016.000000,0.342053,1.470723,1.879908,1.242329,0.781042
1017.000000,0.031872,1.304955,1.984540,1.212130,-0.222912
1018.000000,0.085371,0.981836,2.011630,1.188144,-0.422789
1019.000000,0.049667,0.668281,1.951572,1.163620,-0.345902
1020.000000,-0.133463,0.315702,1.880119,1.130811,-0.352978
1021.000000,-0.405686,-0.027307,1.749597,1.010900,-0.323506
1022.000000,-0.301725,-0.159220,1.615131,1.032533,0.207200
1023.000000,-0.129827,-0.024551,1.450043,1.034618,0.284249
1024.000000,-0.029162,0.013106,1.273805,1.088530,0.068785
1025.000000,-0.021762,-0.095653,1.121556,1.127216,-0.333031
1026.000000,0.034327,-0.232492,0.969929,1.275277,-0.102770
1027.000000,-0.033003,-0.211700,0.887828,1.482336,-0.070817
1028.000000,-0.191861,-0.197181,0.663576,1.683223,-0.371757
1029.000000,-0.142307,-0.099864,0.494971,1.903149,0.380022
1030.000000,0.107060,0.041761,0.310065,2.127015,0.695362
1031.000000,0.122770,0.088500,0.038783,2.121689,-0.124210
1032.000000,-0.016816,-0.034324,-0.184258,1.921548,-0.639412
1033.000000,-0.174261,-0.246557,-0.207410,1.631027,-0.972317
1034.000000,-0.446592,-0.367920,-0.263718,1.394445,-0.538558
1035.000000,-0.682538,-0.335827,-0.395089,1.292073,-0.135724
1036.000000,-0.427461,-0.184438,-0.497262,1.238351,0.776885
1037.000000,0.507675,0.318482,-0.040859,1.475707,2.377177
1038.000000,0.913807,0.481227,0.165206,1.280492,0.422834
1039.000000,1.340946,0.589132,0.504577,1.118866,0.960426
1040.000000,1.903920,0.823408,1.067948,1.005894,1.894532
1041.000000,2.505100,1.473350,1.843823,1.053677,2.917331
1042.000000,2.142810,1.837979,1.926314,1.003498,1.009534
1043.000000,2.170628,2.127570,1.948247,1.275018,0.834453
1044.000000,1.911899,2.178906,1.934308,1.415961,0.427207
1045.000000,1.447574,2.123875,1.966718,1.412832,0.287310
1046.000000,0.769686,1.963645,1.937281,1.330528,0.410443
1047.000000,0.477578,1.487586,1.819173,1.376789,-0.112538
1048.000000,0.131995,1.299444,1.708242,1.404513,-0.524278
1049.000000,-0.365081,0.902175,1.364126,1.273878,-1.508668
1050.000000,-0.798757,0.408205,1.033951,1.172574,-1.360352
1051.000000,-1.271054,-0.280426,0.838537,1.091689,-1.338451
1052.000000,-1.623580,-0.709526,0.690725,0.836824,-1.486921
1053.000000,-1.859022,-1.129709,0.564792,0.481630,-1.598322
1054.000000,-1.844211,-1.463912,0.368929,0.086384,-1.594971
1055.000000,-1.843427,-1.733925,0.122961,-0.278780,-1.516537
1056.000000,-1.913709,-2.029951,-0.314835,-0.992636,-1.782121
1057.000000,-1.913202,-2.169636,-0.989245,-1.769892,-1.647286
1058.000000,-1.826820,-2.178551,-1.291073,-2.223344,-1.375433
1059.000000,-1.837514,-2.129880,-1.704436,-2.793237,-1.752593
1060.000000,-1.826432,-2.078047,-2.119247,-3.044581,-1.608116
1061.000000,-1.872068,-2.101720,-2.599226,-3.110265,-2.032967
1062.000000,-1.971115,-2.129232,-2.748922,-3.070807,-2.146437
1063.000000,-2.071237,-2.123557,-2.772904,-2.953393,-1.996514
1064.000000,-2.039962,-2.086313,-2.702576,-2.850958,-1.760347
1065.000000,-2.027931,-2.056767,-2.620629,-2.783901,-1.719421
1066.000000,-1.836651,-1.943750,-2.497468,-2.695579,-1.215924
1067.000000,-1.622980,-1.846889,-2.361600,-2.703626,-1.154386
1068.000000,-1.307641,-1.706363,-2.179793,-2.493711,-0.447992
1069.000000,-0.953960,-1.505383,-1.965709,-2.314457,0.020890
1070.000000,-0.650326,-1.363695,-1.820461,-2.238494,-0.237736
1071.000000,-0.443980,-1.194827,-1.704797,-2.223321,-0.236816
1072.000000,-0.255114,-1.021266,-1.607016,-2.129614,-0.332219
1073.000000,-0.093489,-0.796351,-1.481471,-2.010430,0.376185
1074.000000,-0.087385,-0.607909,-1.384907,-1.917508,0.104292
1075.000000,0.018993,-0.390317,-1.296080,-1.831175,0.267018
1076.000000,0.017918,-0.269602,-1.229928,-1.790420,-0.343285
1077.000000,0.295379,-0.034162,-1.119922,-1.691912,1.002088
1078.000000,0.430292,0.127389,-1.026928,-1.597696,1.079000
1079.000000,0.704691,0.258054,-0.902230,-1.477570,1.290716
1080.000000,0.956366,0.459145,-0.780054,-1.376647,1.280887
1081.000000,1.327840,0.668155,-0.623313,-1.291537,1.166862
1082.000000,1.384885,0.925731,-0.429692,-1.202439,1.253798
1083.000000,1.340319,1.031734,-0.233384,-1.124638,0.903035
1084.000000,1.173629,1.136107,-0.040394,-1.061352,0.567196
1085.000000,1.035066,1.218824,0.200849,-0.998908,0.673850
1086.000000,0.892998,1.352625,0.421786,-0.926125,0.544590
1087.000000,0.751376,1.292162,0.679075,-0.851046,0.632901
1088.000000,0.733645,1.248496,0.900226,-0.778061,0.826680
1089.000000,0.422867,0.956196,0.929668,-0.756747,-0.790820
1090.000000,-0.196329,0.498443,0.862627,-0.814410,-1.905674
1091.000000,-0.820593,0.030533,0.717605,-0.844142,-1.971877
1092.000000,-1.781360,-0.694279,0.308245,-0.973470,-3.041378
1093.000000,-2.437401,-1.245074,-0.196064,-1.071769,-2.326107
1094.000000,-2.637500,-1.701018,-0.682356,-1.211352,-2.199540
1095.000000,-2.538819,-2.037972,-1.107187,-1.318290,-1.815475
1096.000000,-2.463856,-2.308026,-1.445295,-1.561123,-1.918198
1097.000000,-2.113651,-2.439746,-1.811883,-1.737223,-1.501149
1098.000000,-1.878947,-2.501701,-2.072853,-2.031617,-1.340136
1099.000000,-1.634445,-2.375805,-2.237174,-2.358969,-1.138180
1100.000000,-1.466676,-2.179806,-2.326370,-2.533062,-1.067004
1101.000000,-1.329394,-2.035949,-2.389923,-2.624623,-1.268963
1102.000000,-1.262379,-1.803592,-2.410070,-2.612444,-1.186799
1103.000000,-1.222849,-1.650706,-2.380035,-2.634266,-1.160386
1104.000000,-1.208164,-1.511883,-2.316675,-2.575154,-1.084871
1105.000000,-1.161086,-1.395536,-2.240099,-2.487623,-0.860458
1106.000000,-1.096344,-1.286454,-2.176227,-2.373053,-0.962929
1107.000000,-0.971737,-1.182207,-2.090685,-2.307599,-0.586513
1108.000000,-0.723278,-1.028758,-1.977173,-2.183823,0.068634
1109.000000,-0.400601,-0.855966,-1.794741,-2.056219,0.521548
1110.000000,-0.013786,-0.641648,-1.566447,-1.911842,1.042607
1111.000000,0.538682,-0.341508,-1.328933,-1.744530,1.590280
1112.000000,0.983779,-0.059825,-1.066671,-1.629146,1.378198
1113.000000,1.252120,0.219973,-0.858658,-1.530740,1.220210
1114.000000,1.441158,0.528157,-0.646350,-1.421830,1.345574
1115.000000,1.548410,0.851071,-0.439224,-1.316612,1.520139
1116.000000,1.553092,1.224574,-0.199908,-1.208548,1.609744
1117.000000,1.657650,1.581389,0.054372,-1.090914,1.843594
1118.000000,1.744795,1.809995,0.311985,-1.006964,1.636919
1119.000000,1.806666,1.959503,0.597339,-0.832458,1.688902
1120.000000,1.797714,1.998107,0.907246,-0.583384,1.604600
1121.000000,1.697868,1.910002,1.231529,-0.334143,1.295091
1122.000000,1.578813,1.847557,1.554089,0.068227,1.403790
1123.000000,1.488432,1.782533,1.817531,0.459333,1.261207
1124.000000,1.390610,1.705929,2.007916,0.894178,1.227892
1125.000000,1.295657,1.615413,2.105772,1.317364,1.147986
1126.000000,1.280566,1.537962,2.169353,1.762504,1.222019
1127.000000,1.237268,1.448745,2.160184,2.101118,1.192104
1128.000000,1.227290,1.396493,2.091967,2.326332,1.213006
1129.000000,1.140083,1.301893,1.972323,2.381827,0.792258
1130.000000,1.079377,1.222837,1.847170,2.381798,0.839503
1131.000000,0.982680,1.167924,1.707421,2.355591,0.733671
1132.000000,0.954566,1.133647,1.622012,2.329647,1.072133
1133.000000,0.942624,1.125535,1.565570,2.293949,1.202274
1134.000000,0.984399,1.100529,1.501822,2.233210,0.986637
1135.000000,0.991965,1.070785,1.433123,2.154997,0.823301
1136.000000,1.149988,1.084008,1.395918,2.119199,1.570069
1137.000000,1.265962,1.108292,1.356148,2.066990,1.768506
1138.000000,1.357231,1.125156,1.332625,1.987344,1.702130
1139.000000,1.626825,1.242136,1.323514,1.915015,2.212068
1140.000000,2.074391,1.411122,1.336098,1.848711,2.603945
1141.000000,2.215399,1.591828,1.362654,1.768092,2.201389
1142.000000,2.335371,1.760553,1.394179,1.721223,2.400753
1143.000000,2.367682,1.881019,1.425633,1.683938,2.026557
1144.000000,2.295395,2.021006,1.460058,1.650405,1.950386
1145.000000,2.112750,2.135198,1.494209,1.614007,1.716647
1146.000000,2.017790,2.135390,1.526351,1.584488,1.747679
1147.000000,1.852528,2.093977,1.555999,1.550294,1.606955
1148.000000,1.849844,2.108493,1.607264,1.546781,2.000604
1149.000000,1.762786,2.030402,1.670127,1.531703,1.543464
1150.000000,1.744005,1.935323,1.733885,1.525416,1.641159
1151.000000,1.461636,1.740653,1.730870,1.495815,0.342045
1152.000000,1.362959,1.612912,1.738604,1.483871,1.077030
1153.000000,1.228767,1.547153,1.746339,1.487105,1.312700
1154.000000,1.121433,1.456983,1.747951,1.482483,1.003078
1155.000000,0.812809,1.305673,1.709793,1.456221,0.126052
1156.000000,0.774499,1.150818,1.629598,1.425993,0.079834
1157.000000,0.686148,1.063920,1.578921,1.416058,0.648532
1158.000000,0.544593,0.930940,1.539155,1.406759,0.686363
1159.000000,0.343221,0.785119,1.454911,1.405325,0.063281
1160.000000,0.090717,0.501130,1.298697,1.368437,-1.225997
1161.000000,-0.208580,0.351279,1.155392,1.337175,-1.448220
1162.000000,-0.586780,0.140121,1.018788,1.303662,-0.948373
1163.000000,-1.097191,-0.165467,0.879709,1.253134,-1.306035
1164.000000,-1.584614,-0.523686,0.708388,1.198436,-1.870282
1165.000000,-1.961634,-0.903616,0.485742,1.120719,-2.684541
1166.000000,-2.216188,-1.312097,0.229425,1.002059,-2.458016
1167.000000,-2.358735,-1.728965,-0.018351,0.896421,-1.825406
1168.000000,-2.277918,-2.039811,-0.308716,0.814984,-1.310203
1169.000000,-2.104323,-2.187272,-0.610145,0.701430,-1.317276
1170.000000,-1.883853,-2.177831,-1.011232,0.516188,-1.681150
1171.000000,-1.646368,-2.092630,-1.269027,0.328889,-1.405105
1172.000000,-1.537018,-2.050740,-1.598322,0.077406,-1.377908
1173.000000,-1.547682,-1.985632,-1.915100,-0.212487,-1.421025
1174.000000,-1.522413,-1.866478,-2.102210,-0.545666,-1.252316
1175.000000,-1.350800,-1.655914,-2.102521,-0.878135,-0.889391
1176.000000,-1.183762,-1.445278,-2.045807,-1.223069,-0.613788
1177.000000,-1.091465,-1.341844,-2.048508,-1.609705,-0.931808
1178.000000,-0.899517,-1.250135,-1.999001,-1.940185,-0.495063
1179.000000,-0.809688,-1.200198,-1.934830,-2.168493,-0.845782
1180.000000,-0.772993,-1.100270,-1.803125,-2.292775,-0.715143
1181.000000,-0.720048,-0.990588,-1.665896,-2.194074,-0.320267
1182.000000,-0.541960,-0.861279,-1.563997,-2.138660,-0.079939
1183.000000,-0.335113,-0.664762,-1.432058,-2.055161,0.612418
1184.000000,-0.046333,-0.491865,-1.302697,-1.967209,0.511582
1185.000000,0.377035,-0.289918,-1.112711,-1.798358,1.229681
1186.000000,0.871715,-0.050505,-0.904523,-1.629999,1.771649
1187.000000,1.333392,0.263615,-0.734716,-1.530267,1.742273
1188.000000,1.575728,0.520468,-0.609706,-1.465388,1.529306
1189.000000,1.691647,0.800988,-0.511091,-1.410053,0.837888
1190.000000,1.893038,1.233260,-0.300057,-1.241500,2.102772
1191.000000,1.871594,1.601798,-0.090312,-1.088327,1.807817
1192.000000,1.755614,1.858853,0.129143,-0.989617,1.391840
1193.000000,1.754485,1.991540,0.419715,-0.861559,1.618497
1194.000000,1.808345,2.040703,0.723672,-0.717332,1.303086
1195.000000,1.574344,1.939649,1.007109,-0.518116,1.120661
1196.000000,1.305464,1.711688,1.222424,-0.327361,0.634788
1197.000000,1.302673,1.611666,1.550059,-0.097719,1.420904
1198.000000,1.300095,1.585349,1.797766,0.144232,1.606750
1199.000000,1.360317,1.633023,2.021428,0.439732,1.574238
1200.000000,1.453126,1.559669,2.137134,0.838961,1.559170
1201.000000,1.665625,1.537358,2.177282,1.281555,1.714695
1202.000000,1.672816,1.538930,2.145441,1.707297,1.508527
1203.000000,1.655780,1.527395,2.061101,2.082936,1.550744
1204.000000,1.733748,1.596743,2.027224,2.359627,1.951077
1205.000000,1.711210,1.626907,1.929807,2.431908,1.459483
1206.000000,1.637413,1.688048,1.818211,2.405288,1.362854
1207.000000,1.595892,1.667317,1.731096,2.371227,1.298313
1208.000000,1.604493,1.662439,1.696544,2.303544,1.589084
1209.000000,1.476034,1.638487,1.690388,2.244212,1.340222
1210.000000,1.541558,1.661424,1.655992,2.200888,1.801259
1211.000000,1.558736,1.631621,1.618684,2.121382,1.412686
1212.000000,1.742621,1.698490,1.646592,2.077334,2.166474
1213.000000,1.891127,1.773370,1.674571,2.023035,2.246216
1214.000000,2.126848,1.824325,1.732511,1.998593,2.395529
1215.000000,2.317384,1.970603,1.819701,1.976106,2.648198
1216.000000,2.398394,2.045643,1.887358,1.920039,2.039266
1217.000000,2.222754,2.046579,1.878757,1.858396,1.490399
1218.000000,2.050472,2.012822,1.861423,1.820835,1.460899
1219.000000,1.897364,2.020817,1.857459,1.819631,1.603808
1220.000000,1.544624,1.905727,1.810254,1.755794,0.884110
1221.000000,1.235600,1.795547,1.736970,1.691631,0.507623
1222.000000,0.884073,1.559825,1.637265,1.619315,-0.296307
1223.000000,0.486337,1.309145,1.532631,1.542043,-0.507650
1224.000000,-0.006774,1.025130,1.403119,1.475336,-0.733826
1225.000000,-0.279957,0.733354,1.328366,1.435921,-0.337319
1226.000000,-0.614299,0.420134,1.232687,1.395959,-1.023659
1227.000000,-0.762889,0.152997,1.147595,1.338289,-0.966308
1228.000000,-0.708223,-0.056046,1.088347,1.304909,-0.164543
1229.000000,-0.445744,-0.230990,1.081617,1.298525,0.547166
1230.000000,-0.346179,-0.359667,1.030825,1.281452,0.169758
1231.000000,0.043803,-0.382433,1.030165,1.276271,0.689299
1232.000000,0.424962,-0.281811,0.982088,1.279357,0.638265
1233.000000,0.531489,-0.183867,0.897188,1.268402,0.246553
1234.000000,0.354058,-0.099301,0.755516,1.219862,-0.239274
1235.000000,0.204929,-0.115769,0.541386,1.185074,-0.500325
1236.000000,0.082863,0.082901,0.392134,1.184195,0.188670
1237.000000,-0.373572,0.063511,0.164901,1.129283,-1.267664
1238.000000,-0.677358,-0.065419,-0.085310,1.067627,-0.995222
1239.000000,-0.944998,-0.392931,-0.440439,1.002121,-1.309148
1240.000000,-0.883187,-0.479122,-0.654458,0.961148,-0.243567
1241.000000,-0.927808,-0.623564,-0.833627,0.957898,-0.023665
1242.000000,-0.487539,-0.646418,-0.820527,0.937683,0.562883
1243.000000,0.030832,-0.484118,-0.656773,0.938773,1.128652
1244.000000,0.602572,-0.250543,-0.388299,0.897590,1.028789
