0.000000,5.385165,5.385165,5.385165,5.385165,2.070214
1.000000,3.755545,3.750839,3.752528,3.751082,1.848605
2.000000,3.024053,3.016116,3.018474,3.016062,1.917455
3.000000,2.585030,2.570461,2.573272,2.570549,1.842126
4.000000,2.275027,2.260297,2.263229,2.260227,1.645913
5.000000,2.034051,2.028533,2.029527,2.027649,1.614937
6.000000,1.845719,1.845521,1.844239,1.844075,1.552302
7.000000,1.685602,1.692863,1.691472,1.692607,1.311264
8.000000,1.549222,1.564889,1.562780,1.563637,1.209953
9.000000,1.436294,1.454258,1.452587,1.453006,1.384636
10.000000,1.341798,1.355556,1.357272,1.357858,1.715908
11.000000,1.262187,1.270838,1.272272,1.273813,1.965786
12.000000,1.192076,1.192636,1.195060,1.197631,1.823132
13.000000,1.126348,1.119799,1.123626,1.127230,1.585619
14.000000,1.054864,1.049508,1.055795,1.060564,0.985847
15.000000,0.985092,0.984893,0.993669,0.998330,1.124091
16.000000,0.918080,0.925976,0.936530,0.940380,1.333346
17.000000,0.856742,0.872395,0.882562,0.886056,1.372050
18.000000,0.797394,0.820197,0.831155,0.834284,1.086743
19.000000,0.746923,0.767694,0.780686,0.784622,0.945683
20.000000,0.690737,0.711477,0.728512,0.736144,0.543167
21.000000,0.639335,0.657542,0.680266,0.689667,1.129682
22.000000,0.580499,0.601574,0.630778,0.643217,0.576461
23.000000,0.528538,0.548825,0.582732,0.598115,0.816795
24.000000,0.478173,0.501071,0.535731,0.553976,0.826410
25.000000,0.432198,0.450663,0.488515,0.511036,0.748474
26.000000,0.378856,0.398464,0.442855,0.470923,1.091316
27.000000,0.335323,0.343970,0.401326,0.435824,1.206624
28.000000,0.299651,0.298969,0.377359,0.425818,1.709683
29.000000,1.365144,1.066231,1.320995,1.469543,1.711652
30.000000,1.509535,1.157248,1.293489,1.443273,1.180657
31.000000,1.657411,1.209200,1.258179,1.432840,1.632892
32.000000,1.798393,1.364389,1.234681,1.420511,1.746257
33.000000,1.567033,1.391157,1.190284,1.389511,0.626717
34.000000,1.006540,1.273031,1.140569,1.339128,-0.968892
35.000000,0.591022,1.178172,1.085399,1.293636,-0.782792
36.000000,-0.338874,0.854517,0.956691,1.224103,-2.119388
37.000000,-1.362971,0.477057,0.818478,1.170105,-1.945360
38.000000,-1.592202,0.241036,0.786253,1.166170,0.078950
39.000000,-1.335352,-0.001655,0.777395,1.158350,0.281978
40.000000,-0.187317,0.371753,0.971996,1.198963,2.914852
41.000000,1.400304,0.658729,1.105646,1.211986,2.353655
42.000000,2.536450,0.882682,1.298737,1.223021,1.975750
43.000000,2.754137,1.370707,1.466407,1.244447,1.767261
44.000000,2.830938,2.240448,1.660043,1.317546,1.819586
45.000000,2.550626,2.959158,1.923966,1.411405,2.233715
46.000000,2.406451,3.417782,2.120467,1.492577,2.102653
47.000000,2.316161,3.441408,2.245145,1.564242,1.909455
48.000000,2.226592,3.163045,2.261929,1.645330,1.677919
49.000000,2.186465,2.980624,2.290477,1.749798,1.859619
50.000000,2.017791,2.627490,2.311322,1.858434,1.594334
51.000000,1.782848,2.346478,2.229608,1.879672,1.115096
52.000000,1.696631,2.217167,2.202093,1.964538,1.538525
53.000000,1.726638,2.169622,2.270905,2.045226,1.828261
54.000000,1.583532,2.046568,2.321172,2.064027,1.226509
55.000000,1.451854,1.876208,2.313324,2.060962,1.004129
56.000000,1.398028,1.719859,2.336091,2.025802,0.890284
57.000000,1.420455,1.682459,2.390377,2.037756,1.619798
58.000000,1.385591,1.671871,2.345850,2.025757,1.638990
59.000000,1.506893,1.659628,2.307377,2.023156,1.766068
60.000000,1.661337,1.673481,2.190143,2.034313,1.750958
61.000000,1.761314,1.699061,2.089791,2.008342,1.488427
62.000000,1.600777,1.612199,1.975548,1.939939,0.929176
63.000000,1.502980,1.534435,1.905032,1.926620,1.187492
64.000000,1.240720,1.440076,1.794222,1.905653,0.483266
65.000000,0.964690,1.367200,1.675359,1.877410,0.389936
66.000000,0.745948,1.319793,1.577377,1.886324,0.434574
67.000000,0.785016,1.273934,1.535700,1.922665,1.264183
68.000000,0.848597,1.263393,1.527849,1.926503,1.762023
69.000000,1.103804,1.222600,1.502810,1.918013,1.639639
70.000000,1.051510,1.023599,1.411830,1.794806,-0.387997
71.000000,1.152061,0.920647,1.388187,1.724889,0.583801
72.000000,0.755768,0.796816,1.297567,1.637567,-0.661607
73.000000,-0.199149,0.473853,1.133324,1.523164,-2.145837
74.000000,-0.907827,0.340497,1.052335,1.448876,-0.990158
75.000000,-1.054889,0.214164,0.991424,1.368173,-0.808060
76.000000,-1.402363,0.079923,0.946902,1.298134,-0.572753
77.000000,-1.137829,-0.089093,0.891437,1.264158,0.442105
78.000000,-0.207274,-0.250709,0.864744,1.262233,1.213506
79.000000,0.577956,-0.287314,0.846226,1.266465,1.667636
80.000000,1.503598,0.222461,0.862694,1.304933,2.203008
81.000000,2.176973,0.568125,0.899226,1.361499,1.931977
82.000000,2.362198,1.140982,0.990782,1.383257,1.533766
83.000000,2.387276,2.066198,1.091789,1.399062,1.757160
84.000000,2.426387,2.671967,1.373918,1.473742,2.165929
85.000000,2.333325,2.998387,1.716997,1.563198,2.071432
86.000000,2.406586,3.188112,2.137277,1.690973,2.435513
87.000000,2.453462,3.096067,2.374154,1.759557,2.117784
88.000000,2.414916,2.916369,2.478883,1.817243,1.958553
89.000000,2.452897,2.836913,2.634056,1.912282,2.514132
90.000000,2.409300,2.675541,2.803516,1.971018,2.138764
91.000000,2.243888,2.525850,2.770287,2.012224,1.811988
92.000000,2.107567,2.411280,2.753788,2.070387,1.619915
93.000000,1.973484,2.281317,2.748993,2.080858,1.433313
94.000000,1.823741,2.191077,2.702729,2.156255,1.759053
95.000000,1.724203,2.108537,2.633968,2.206474,1.661137
96.000000,1.696879,2.014555,2.565233,2.234811,1.692070
97.000000,1.654392,1.923586,2.452742,2.193808,1.453920
98.000000,1.638932,1.848128,2.336607,2.133267,1.409039
99.000000,1.508096,1.701786,2.209374,2.063093,1.146234
100.000000,1.397348,1.592263,2.089505,2.054355,1.129731
101.000000,1.286480,1.518876,1.997953,2.020490,1.148766
102.000000,1.311218,1.513064,1.961651,2.045017,1.584050
103.000000,1.275809,1.487947,1.901310,2.068379,1.261097
104.000000,1.321642,1.444770,1.843018,2.065434,1.388585
105.000000,1.371303,1.409132,1.791580,2.055236,1.386423
106.000000,1.374090,1.344070,1.716389,2.026846,1.113629
107.000000,1.273263,1.301334,1.654703,1.983432,1.082247
108.000000,1.326977,1.303408,1.622595,1.950586,1.542344
109.000000,1.348513,1.336841,1.565943,1.912825,1.510303
110.000000,1.360474,1.369629,1.522719,1.866835,1.449901
111.000000,1.403589,1.390433,1.488382,1.823755,1.281713
112.000000,1.558650,1.404621,1.485576,1.808773,1.830907
113.000000,1.619147,1.464000,1.493679,1.791472,1.847045
114.000000,1.659505,1.496922,1.478598,1.762009,1.694081
115.000000,1.783231,1.563702,1.481868,1.744912,2.028982
116.000000,1.839131,1.616597,1.462788,1.704152,1.502815
117.000000,1.673574,1.623649,1.438952,1.658158,0.966001
118.000000,1.484544,1.568442,1.416874,1.616013,0.849654
119.000000,1.196514,1.457564,1.391487,1.542742,0.195610
120.000000,0.889587,1.387292,1.382515,1.491679,0.598005
121.000000,0.846664,1.408163,1.403882,1.470980,1.388991
122.000000,1.010434,1.397571,1.408201,1.466031,1.748293
123.000000,1.261211,1.409985,1.448458,1.475220,1.986107
124.000000,1.708169,1.466285,1.491170,1.477286,2.165357
125.000000,2.007717,1.465348,1.528929,1.479570,1.980942
126.000000,2.068923,1.504870,1.575566,1.474499,1.749152
127.000000,2.048710,1.606631,1.622779,1.481202,1.728766
128.000000,1.952203,1.696343,1.630866,1.487870,1.570921
129.000000,1.866509,1.870362,1.651902,1.516659,1.765435
130.000000,1.840176,1.999415,1.683179,1.551120,1.867207
131.000000,1.960611,2.092706,1.751959,1.602911,2.304971
132.000000,2.078854,2.142414,1.787470,1.634275,2.286903
133.000000,2.125520,2.115751,1.795965,1.668135,1.874066
134.000000,1.974878,1.987995,1.765499,1.666068,1.135670
135.000000,1.835562,1.895175,1.720925,1.666189,1.211811
136.000000,1.684541,1.866160,1.727286,1.690637,1.523068
137.000000,1.518478,1.836169,1.758644,1.713143,1.476641
138.000000,1.511362,1.861737,1.813910,1.729242,1.835081
139.000000,1.588250,1.830540,1.873322,1.732424,1.505297
140.000000,1.656837,1.796127,1.909967,1.739453,1.550039
141.000000,1.726678,1.754540,1.927484,1.765700,1.858333
142.000000,1.686767,1.649527,1.894026,1.746244,1.318317
143.000000,1.612251,1.605929,1.861933,1.733443,1.486442
144.000000,1.592792,1.632185,1.819069,1.723651,1.430099
145.000000,1.538288,1.634319,1.777081,1.695867,1.308558
146.000000,1.469883,1.629479,1.760014,1.696357,1.520832
147.000000,1.509818,1.630448,1.745287,1.714293,1.531015
148.000000,1.499372,1.587964,1.733888,1.730324,1.455540
149.000000,1.426525,1.539870,1.694508,1.748515,1.077765
150.000000,1.272832,1.432868,1.623692,1.733065,0.410702
151.000000,1.197786,1.358946,1.568534,1.722179,1.161159
152.000000,1.356054,1.453064,1.568352,1.742377,2.382781
153.000000,1.516965,1.516494,1.579619,1.749160,2.160215
154.000000,1.873590,1.635331,1.652162,1.765632,2.516791
155.000000,2.168519,1.702850,1.684268,1.761309,1.830617
156.000000,2.211317,1.714536,1.683259,1.752392,1.520063
157.000000,2.111591,1.769005,1.705485,1.758853,1.906101
158.000000,1.965214,1.781851,1.685130,1.753303,1.456315
159.000000,1.738313,1.830617,1.681179,1.741201,1.429828
160.000000,1.597171,1.902394,1.660812,1.716536,1.144860
161.000000,1.534888,1.900542,1.626944,1.680215,1.218830
162.000000,1.415385,1.797855,1.630335,1.647760,1.370623
163.000000,1.347691,1.693569,1.613227,1.621257,1.150810
164.000000,1.034678,1.424386,1.540428,1.581024,-0.113417
165.000000,0.662937,1.174705,1.453768,1.524558,-0.760243
166.000000,0.395772,1.027164,1.391793,1.483254,-0.074108
167.000000,-0.016247,0.788694,1.314708,1.436219,-0.460990
168.000000,-0.287767,0.655033,1.271998,1.396138,0.172479
169.000000,-0.144291,0.558925,1.275634,1.382219,0.610174
170.000000,0.287542,0.542180,1.339572,1.380444,1.071281
171.000000,0.571669,0.514120,1.362782,1.365667,1.081961
172.000000,1.025528,0.487515,1.327827,1.382137,1.343619
173.000000,1.310224,0.486968,1.298544,1.390845,1.279029
174.000000,1.467956,0.697137,1.232072,1.401979,1.230292
175.000000,1.338624,0.927964,1.170669,1.398499,0.477125
176.000000,1.437455,1.188948,1.183800,1.416742,1.446469
177.000000,1.616369,1.598548,1.201889,1.457118,2.014235
178.000000,1.786700,1.887587,1.259019,1.502146,1.927342
179.000000,1.925487,2.069353,1.317083,1.564599,1.803345
180.000000,2.255181,2.210572,1.427483,1.667831,2.056189
181.000000,2.234174,2.268792,1.504698,1.716432,1.506295
182.000000,2.083185,2.264227,1.577281,1.706976,1.524287
183.000000,1.986813,2.273547,1.695662,1.711248,1.689873
184.000000,1.836816,2.217721,1.898881,1.671437,1.399968
185.000000,1.626396,2.212694,2.109703,1.657081,1.239831
186.000000,1.497425,2.072073,2.191807,1.645529,0.994019
187.000000,1.282876,1.832694,2.225017,1.584403,0.579122
188.000000,1.131798,1.676616,2.223367,1.569213,0.992099
189.000000,1.009232,1.527765,2.162098,1.544396,0.836338
190.000000,0.905881,1.363259,2.066647,1.531244,0.767304
191.000000,0.993318,1.345801,2.029557,1.547285,1.382142
192.000000,1.091229,1.284831,1.947909,1.532863,1.047276
193.000000,0.903574,1.097758,1.808399,1.478421,0.135993
194.000000,0.763933,0.954946,1.696204,1.501530,0.169044
195.000000,0.787860,0.912186,1.690875,1.594091,0.931552
196.000000,0.733587,0.928712,1.654338,1.658606,1.278109
197.000000,0.746354,0.988445,1.584282,1.731824,1.282203
198.000000,0.971138,0.977979,1.507213,1.759692,1.029985
199.000000,1.264899,1.005048,1.447819,1.771322,1.238667
200.000000,1.393604,1.056468,1.380173,1.765322,1.373053
201.000000,1.566907,1.080791,1.373324,1.779595,1.976620
202.000000,1.544501,1.086938,1.325813,1.750640,1.030035
203.000000,1.551580,1.251140,1.261581,1.721715,0.886071
204.000000,1.455376,1.411165,1.212295,1.690225,0.653641
205.000000,1.390207,1.479651,1.185279,1.699057,0.912636
206.000000,1.041840,1.462690,1.164826,1.657829,0.467986
207.000000,0.748714,1.356935,1.157117,1.573058,-0.333688
208.000000,0.615326,1.346345,1.140722,1.506434,0.401708
209.000000,0.347913,1.204862,1.117126,1.428568,-0.287376
210.000000,0.225025,1.101349,1.129550,1.353529,0.539506
211.000000,0.270244,0.854298,1.083829,1.307580,0.628479
212.000000,0.777501,0.903072,1.114713,1.278993,1.413388
213.000000,0.853175,0.859424,1.240133,1.219847,0.672144
214.000000,1.428710,1.051392,1.432746,1.208604,1.765346
215.000000,1.110831,0.803737,1.389731,1.145398,-0.517863
216.000000,0.932579,0.726353,1.325102,1.112397,-0.013034
217.000000,0.461124,0.731688,1.238439,1.104416,-0.348683
218.000000,-0.018820,0.497841,1.123638,1.048808,-1.069226
219.000000,-0.558870,0.577095,1.060944,1.040664,0.109788
220.000000,-0.312527,0.564735,0.995925,1.049240,0.363985
221.000000,-0.163131,0.554637,0.835907,1.006972,0.509151
222.000000,-0.198547,0.212776,0.702826,0.963281,-0.466975
223.000000,-0.387176,-0.233642,0.463659,0.982968,-1.828813
224.000000,-1.186988,-1.123251,0.183132,0.994338,-2.357008
225.000000,-2.089187,-1.610092,-0.198896,0.904117,-2.288335
226.000000,-2.751993,-2.161310,-0.539165,0.757391,-1.921083
227.000000,-2.931497,-2.505499,-0.840058,0.556358,-2.053761
228.000000,-2.988530,-2.821303,-1.506352,0.216142,-2.979618
229.000000,-2.796761,-2.981749,-1.927009,-0.201182,-2.225540
230.000000,-2.662454,-3.022503,-2.377324,-0.787329,-2.167426
231.000000,-2.731285,-3.079150,-2.730652,-1.690540,-2.643600
232.000000,-2.713009,-2.972007,-2.942052,-2.371659,-2.409110
233.000000,-2.471540,-2.766987,-2.908624,-2.742581,-2.025816
234.000000,-2.381712,-2.617833,-2.917659,-2.868230,-2.005853
235.000000,-2.210657,-2.447707,-2.699662,-2.804894,-1.531428
236.000000,-1.926473,-2.302367,-2.540730,-2.663393,-1.278976
237.000000,-1.742749,-2.201166,-2.427697,-2.533094,-1.504543
238.000000,-1.804988,-2.141477,-2.385172,-2.544219,-2.235915
239.000000,-1.864562,-2.137205,-2.396198,-2.512394,-2.206961
240.000000,-1.846635,-2.048249,-2.343499,-2.439913,-1.526108
241.000000,-1.829250,-1.907930,-2.282183,-2.360614,-1.323760
242.000000,-1.717520,-1.758807,-2.179918,-2.292064,-1.018459
243.000000,-1.436063,-1.627867,-2.056767,-2.195029,-0.803384
244.000000,-1.239210,-1.553227,-1.984046,-2.176542,-1.254381
245.000000,-1.159516,-1.512211,-1.915938,-2.089348,-1.155094
246.000000,-1.031379,-1.451303,-1.837540,-2.005954,-0.702576
247.000000,-0.914476,-1.349964,-1.749937,-1.918015,-0.424941
248.000000,-0.805537,-1.157450,-1.629569,-1.821377,-0.234233
249.000000,-0.563068,-0.941437,-1.533560,-1.760440,-0.062703
250.000000,-0.257944,-0.763449,-1.429660,-1.702691,0.325581
251.000000,0.055047,-0.559932,-1.290639,-1.640847,0.874735
252.000000,0.178258,-0.454386,-1.196548,-1.600982,0.054781
253.000000,0.318071,-0.348855,-1.108804,-1.542737,0.312986
254.000000,0.343314,-0.207717,-1.036295,-1.503718,-0.140361
255.000000,0.407410,0.002638,-0.961037,-1.449943,0.617332
256.000000,0.439192,0.217452,-0.881501,-1.394887,1.190855
257.000000,0.730849,0.423821,-0.785481,-1.341585,1.241656
258.000000,1.240613,0.754315,-0.573987,-1.229122,2.247983
259.000000,1.984246,1.172587,-0.297396,-1.117934,2.545461
260.000000,2.469747,1.596380,-0.014282,-0.989128,2.594369
261.000000,2.731515,1.952500,0.339121,-0.804014,2.697612
262.000000,2.982998,2.439287,0.795987,-0.553429,3.017184
263.000000,2.998923,2.733306,1.320107,-0.258145,2.876087
264.000000,2.851669,2.836752,1.845003,0.067213,2.354137
265.000000,2.758827,2.838143,2.314761,0.453504,2.427678
266.000000,2.592042,2.743518,2.558160,0.862277,2.083756
267.000000,2.250689,2.571778,2.570058,1.250949,1.379645
268.000000,1.894630,2.358693,2.480067,1.672007,1.070849
269.000000,1.657418,2.186040,2.374294,2.053017,1.131954
270.000000,1.291930,1.978261,2.207293,2.203311,0.566116
271.000000,1.018918,1.806805,2.067118,2.280678,0.745309
272.000000,0.846234,1.592972,1.972258,2.254771,0.538808
273.000000,0.602774,1.314864,1.838578,2.134608,-0.135571
274.000000,0.331909,1.077346,1.743316,2.048696,-0.182497
275.000000,0.143160,0.799608,1.635623,1.954882,-0.371215
276.000000,0.034483,0.603123,1.574420,1.894752,0.290798
277.000000,0.040759,0.515536,1.546722,1.851287,0.660335
278.000000,0.174975,0.445325,1.488498,1.795424,0.496080
279.000000,0.400710,0.399019,1.444997,1.761310,0.853162
280.000000,0.724203,0.451236,1.410444,1.731697,1.071703
281.000000,0.904750,0.485753,1.366213,1.694901,1.091822
282.000000,1.002026,0.552031,1.293981,1.692430,1.091417
283.000000,1.099719,0.701068,1.202137,1.679489,0.916010
284.000000,1.055857,0.828276,1.113609,1.670725,0.593168
285.000000,0.960137,0.986777,1.005249,1.651453,0.572790
286.000000,0.841760,1.050436,0.906265,1.627834,0.490156
287.000000,0.705917,1.065202,0.860484,1.613769,0.449111
288.000000,0.564392,1.095332,0.833417,1.578369,0.260574
289.000000,0.582779,1.116851,0.818958,1.551640,0.656656
290.000000,0.624732,1.115580,0.873716,1.526116,0.727896
291.000000,0.970775,1.272983,0.991949,1.526717,1.834038
292.000000,1.912252,1.819582,1.342660,1.583021,3.492100
293.000000,2.805676,2.475676,1.905509,1.662933,3.486812
294.000000,3.067415,2.810137,2.369593,1.722288,2.635553
295.000000,3.143255,2.937370,2.715271,1.761312,2.471409
296.000000,3.037068,2.954189,2.834091,1.808245,2.322901
297.000000,2.763545,2.937246,2.846734,1.902609,2.297430
298.000000,2.423330,2.849258,2.786814,1.974028,1.909748
299.000000,2.222694,2.733905,2.682553,2.017003,1.775736
300.000000,1.954072,2.564890,2.522112,2.034275,1.231931
301.000000,1.717780,2.383279,2.386005,2.027341,1.153970
302.000000,1.504429,2.155940,2.281934,2.033018,1.218180
303.000000,1.386801,1.947465,2.214018,2.074384,1.323552
304.000000,1.256580,1.790786,2.151763,2.090447,1.144947
305.000000,1.207725,1.640872,2.086378,2.094187,0.998533
306.000000,1.157463,1.499221,2.024577,2.061345,0.899648
307.000000,1.012759,1.316595,1.942843,1.992653,0.481765
308.000000,0.893085,1.198095,1.894755,1.954071,0.747700
309.000000,0.813992,1.093044,1.845576,1.909679,0.773852
310.000000,0.731729,1.030038,1.791425,1.854666,0.602578
311.000000,0.686132,0.983841,1.726338,1.810187,0.687051
312.000000,0.756902,0.940862,1.623962,1.776204,0.808495
313.000000,0.894619,0.944662,1.541631,1.779212,1.411615
314.000000,1.019315,0.965902,1.484438,1.786080,1.363184
315.000000,1.130777,0.979374,1.419026,1.779590,1.105655
316.000000,1.171762,0.977137,1.345310,1.762950,0.819807
317.000000,1.080469,0.971906,1.242068,1.726795,0.194574
318.000000,0.938666,0.982015,1.180864,1.715800,0.710316
319.000000,0.964924,1.071968,1.161417,1.726828,1.711573
320.000000,0.827495,1.089672,1.131154,1.701888,0.271836
321.000000,0.770648,1.112857,1.110389,1.664566,0.256517
322.000000,0.993786,1.145816,1.091796,1.593775,0.525467
323.000000,0.886871,1.021568,1.043459,1.497838,-0.193182
324.000000,0.508007,0.961713,1.035955,1.439984,0.924612
325.000000,0.746370,0.960369,1.044069,1.385860,1.025037
326.000000,1.168194,1.114734,1.082707,1.343939,1.630477
327.000000,1.787149,1.627152,1.206115,1.315062,2.519556
328.000000,2.056125,1.764558,1.253566,1.273262,1.134878
329.000000,2.242662,1.730760,1.339384,1.254327,1.938177
330.000000,1.940398,1.695537,1.369766,1.228519,0.253255
331.000000,1.619100,1.677082,1.406116,1.213309,0.453032
332.000000,1.046323,1.585326,1.419441,1.188085,0.220736
333.000000,0.864777,1.618768,1.357918,1.156819,0.398050
334.000000,0.574969,1.583131,1.322646,1.149335,0.874323
335.000000,0.798248,1.570169,1.334931,1.158288,1.082727
336.000000,0.850537,1.423424,1.355119,1.162530,0.635458
337.000000,0.783257,1.055611,1.413056,1.181944,-0.130038
338.000000,0.819425,0.971654,1.428816,1.199102,0.452712
339.000000,0.619142,0.692111,1.274363,1.205493,0.027071
340.000000,0.233939,0.651889,1.267653,1.223747,-0.321093
341.000000,0.332830,0.765029,1.347818,1.282299,1.063937
342.000000,0.931500,1.010662,1.430991,1.352430,1.449418
343.000000,1.111194,1.147777,1.516458,1.338073,0.800099
344.000000,1.523453,1.230092,1.523954,1.332381,1.116740
345.000000,1.750827,1.136909,1.475804,1.326951,0.500180
346.000000,1.797055,1.344759,1.448342,1.394922,1.428683
347.000000,1.468221,1.583618,1.277899,1.502384,0.638319
348.000000,1.613788,1.819275,1.307682,1.577943,1.429389
349.000000,1.677657,2.077389,1.247969,1.533238,1.538098
350.000000,2.180961,2.483616,1.466448,1.669122,2.434718
351.000000,2.425117,2.574692,1.685877,1.796246,2.548733
352.000000,2.531936,2.432918,1.843469,1.841766,1.673538
353.000000,2.429126,2.406815,1.971919,1.914832,1.526570
354.000000,2.440689,2.407838,2.071967,1.935846,1.790416
355.000000,2.262739,2.490548,2.145348,1.952139,1.808517
356.000000,2.233518,2.548563,2.324708,1.983320,2.498165
357.000000,2.473418,2.696600,2.543663,1.992531,2.853299
358.000000,2.572571,2.663301,2.594271,2.055653,2.373474
359.000000,2.650309,2.663331,2.652760,2.083680,2.533841
360.000000,2.635927,2.558465,2.661350,2.180440,2.259471
361.000000,2.480991,2.433953,2.569268,2.226805,2.028001
362.000000,2.297084,2.392071,2.479303,2.269497,2.003688
363.000000,2.145159,2.328956,2.408545,2.269941,1.716186
364.000000,1.975945,2.258396,2.341014,2.244464,1.690423
365.000000,1.839928,2.186520,2.296600,2.203440,1.593606
366.000000,1.741569,2.079033,2.226552,2.178493,1.550000
367.000000,1.640088,1.952342,2.185113,2.170968,1.503416
368.000000,1.578968,1.857620,2.123101,2.137096,1.425828
369.000000,1.488406,1.735222,2.059600,2.103979,1.248389
370.000000,1.399933,1.627885,1.975037,2.072799,1.151020
371.000000,1.266583,1.515183,1.878680,2.000220,0.874665
372.000000,1.145389,1.408021,1.818802,1.931522,0.899694
373.000000,1.021073,1.321222,1.765899,1.882990,0.815107
374.000000,0.970031,1.255303,1.722706,1.846584,1.012944
375.000000,0.888187,1.174271,1.670223,1.816149,0.747621
376.000000,0.920173,1.121999,1.614858,1.785210,1.043090
377.000000,0.931560,1.064351,1.542884,1.767720,0.957320
378.000000,1.065522,1.059457,1.509574,1.758326,1.505771
379.000000,1.082655,1.038111,1.448159,1.736966,1.080523
380.000000,1.127168,1.011314,1.387712,1.694966,0.882820
381.000000,1.141892,1.035540,1.343567,1.657374,1.086074
382.000000,1.193636,1.066203,1.300523,1.640961,1.173722
383.000000,1.127725,1.116309,1.273368,1.630134,1.260960
384.000000,1.216653,1.167586,1.255027,1.621131,1.600649
385.000000,1.379098,1.263830,1.241758,1.611793,1.713889
386.000000,1.548567,1.338719,1.233247,1.587681,1.867973
387.000000,1.566291,1.373864,1.204368,1.537450,0.958347
388.000000,1.633911,1.358139,1.190675,1.504319,1.406094
389.000000,1.437927,1.349916,1.170168,1.450654,0.588717
390.000000,1.397750,1.451245,1.182510,1.417099,1.584094
391.000000,1.453963,1.584569,1.239488,1.399229,2.132955
392.000000,1.534737,1.625649,1.275180,1.365710,1.294985
393.000000,1.529363,1.651075,1.325038,1.344775,1.358714
394.000000,1.640656,1.593243,1.352830,1.320020,1.143264
395.000000,1.357886,1.427668,1.374063,1.283256,0.223946
396.000000,1.052340,1.298870,1.384689,1.255760,0.716718
397.000000,0.381594,1.005191,1.300288,1.181884,-1.725485
398.000000,-0.401291,0.619698,1.135352,1.102494,-1.896492
399.000000,-0.823079,0.487527,1.067353,1.059863,-0.605165
400.000000,-1.125903,0.169913,0.991115,1.011266,-1.022376
401.000000,-1.699977,-0.365150,0.836494,0.960354,-1.811172
402.000000,-2.018955,-1.031092,0.550340,0.863567,-2.869738
403.000000,-1.212328,-1.005162,0.582014,0.913079,1.386752
404.000000,-0.683235,-0.931729,0.601309,0.957511,1.435338
405.000000,-0.195095,-0.834454,0.574576,1.010951,0.867656
406.000000,0.670363,-0.725172,0.585108,1.065804,1.249112
407.000000,1.979945,-0.126408,0.749470,1.161596,1.617742
408.000000,1.912216,0.537494,0.859232,1.201850,1.371490
409.000000,1.895389,1.063198,1.106159,1.308713,1.567749
410.000000,2.159525,1.804320,1.380164,1.500596,2.085284
411.000000,2.244064,2.478057,1.583238,1.685909,1.908150
412.000000,2.134564,2.956862,1.814675,1.833851,1.508004
413.000000,2.047166,2.672618,1.983601,1.945718,1.315615
414.000000,1.977937,2.487034,2.184822,2.026762,1.493051
415.000000,1.719947,2.340881,2.345679,2.033816,1.094924
416.000000,1.554460,2.211122,2.426636,2.032313,1.253773
417.000000,1.427999,2.037436,2.639978,2.051970,1.024482
418.000000,1.346838,1.918113,2.763544,2.031673,1.013607
419.000000,1.166649,1.759673,2.674508,2.021051,0.730622
420.000000,1.114080,1.584850,2.627713,1.971287,0.887677
421.000000,1.037056,1.444585,2.608442,1.892780,0.928069
422.000000,0.998138,1.348953,2.632737,1.854575,0.869208
423.000000,0.862985,1.223708,2.341791,1.769996,0.429505
424.000000,0.738469,1.053421,2.094412,1.679896,0.184145
425.000000,0.592903,0.942185,1.934612,1.645781,0.233007
426.000000,0.413442,0.801119,1.772348,1.583671,0.119733
427.000000,0.110509,0.616256,1.565449,1.584614,-0.512967
428.000000,-0.387154,0.275795,1.296145,1.497463,-1.862180
429.000000,-0.771669,0.007969,1.064568,1.394370,-1.482205
430.000000,-1.233236,-0.317273,0.785246,1.305807,-1.683772
431.000000,-1.633987,-0.632518,0.536683,1.291697,-1.456226
432.000000,-2.369221,-1.253322,0.111680,1.172607,-3.491534
433.000000,-2.648876,-1.824513,-0.352986,0.767649,-3.052609
434.000000,-2.711194,-2.196368,-0.801894,0.387098,-2.266901
435.000000,-2.649250,-2.454041,-1.220978,0.005181,-2.048125
436.000000,-2.725197,-2.680617,-1.739062,-0.605107,-2.496378
437.000000,-2.484696,-2.703228,-2.133378,-1.295602,-2.222233
438.000000,-2.363914,-2.629401,-2.457473,-2.040132,-2.384561
439.000000,-2.459215,-2.650294,-2.697057,-2.745583,-2.703778
440.000000,-2.466497,-2.588962,-2.770055,-3.076317,-2.272974
441.000000,-2.346167,-2.519055,-2.748637,-3.122579,-1.993981
442.000000,-2.234073,-2.351273,-2.677092,-3.029925,-1.774504
443.000000,-2.089912,-2.211203,-2.579779,-2.906683,-1.676745
444.000000,-1.920519,-2.148832,-2.499354,-2.816041,-1.792586
445.000000,-1.785307,-2.083226,-2.412829,-2.695293,-1.587624
446.000000,-1.742594,-2.017742,-2.352843,-2.617567,-1.766560
447.000000,-1.795765,-2.004183,-2.309254,-2.566042,-2.013037
448.000000,-1.891378,-1.993565,-2.257454,-2.528441,-2.127578
449.000000,-1.940219,-1.942963,-2.219185,-2.477463,-2.029277
450.000000,-1.974668,-1.900205,-2.170214,-2.417693,-1.817237
451.000000,-1.894152,-1.835276,-2.108595,-2.336125,-1.418277
452.000000,-1.709368,-1.755940,-2.002771,-2.244082,-1.072024
453.000000,-1.506037,-1.691201,-1.913681,-2.160812,-1.066565
454.000000,-1.210021,-1.567119,-1.818712,-2.057515,-0.501059
455.000000,-0.958508,-1.475539,-1.745036,-1.977886,-0.558054
456.000000,-0.740008,-1.353227,-1.655772,-1.900806,-0.326985
457.000000,-0.529960,-1.180859,-1.566897,-1.817543,-0.002507
458.000000,-0.303299,-0.986824,-1.477965,-1.732883,0.009250
459.000000,-0.127329,-0.756446,-1.361858,-1.654809,0.390321
460.000000,0.074202,-0.532464,-1.264874,-1.588931,0.386371
461.000000,0.202590,-0.355551,-1.188926,-1.545045,0.227312
462.000000,0.352581,-0.166877,-1.104317,-1.469819,0.725254
463.000000,0.484984,0.029940,-1.029782,-1.405461,0.576626
464.000000,0.517281,0.155211,-0.950193,-1.360202,0.516050
465.000000,0.816942,0.426725,-0.830261,-1.289106,1.806795
466.000000,1.254761,0.736506,-0.670876,-1.197420,2.115268
467.000000,1.506237,0.990250,-0.485499,-1.120769,1.746418
468.000000,1.778901,1.267086,-0.249859,-1.032166,1.746329
469.000000,1.964278,1.456958,0.021273,-0.923147,1.553378
470.000000,1.877182,1.627181,0.331993,-0.813867,1.548769
471.000000,1.686232,1.750628,0.638282,-0.711015,1.310435
472.000000,1.583553,1.788559,0.950481,-0.602240,1.313723
473.000000,1.470577,1.816248,1.289034,-0.483255,1.232250
474.000000,1.409600,1.841051,1.563632,-0.325363,1.283052
475.000000,1.311107,1.721323,1.798253,-0.157370,1.098895
476.000000,1.284909,1.598040,1.956439,0.085965,1.206995
477.000000,1.234814,1.507235,2.001026,0.425147,1.101680
478.000000,1.175180,1.407177,1.985152,0.867713,0.974320
479.000000,1.138996,1.346223,1.924755,1.402568,1.155402
480.000000,1.165433,1.296406,1.867403,1.917471,1.279444
481.000000,1.193608,1.281551,1.830977,2.268117,1.392458
482.000000,1.275802,1.279740,1.777012,2.427644,1.514343
483.000000,1.386002,1.284367,1.736618,2.462813,1.452366
484.000000,1.551564,1.329818,1.734388,2.410271,1.937803
485.000000,1.623871,1.376335,1.663673,2.326803,1.583397
486.000000,1.658282,1.412600,1.586832,2.226180,1.522914
487.000000,1.542787,1.413030,1.513804,2.094493,0.890378
488.000000,1.468361,1.443528,1.454547,1.994081,1.029129
489.000000,1.168535,1.398158,1.387205,1.874381,0.451299
490.000000,0.888134,1.313231,1.315096,1.772710,0.180752
491.000000,0.380766,1.117401,1.223105,1.669138,-1.039106
492.000000,0.082179,0.941587,1.154117,1.578180,-0.535301
493.000000,-0.290485,0.767793,1.095886,1.510828,-0.580597
494.000000,-0.555004,0.509094,1.041177,1.463761,-0.575385
495.000000,-0.658107,0.316076,1.020083,1.391736,0.086004
496.000000,-0.322075,0.124110,0.997932,1.318648,0.389639
497.000000,-0.097327,0.014797,0.984865,1.267029,0.390826
498.000000,0.224023,-0.102606,0.994527,1.224009,0.700154
499.000000,0.548285,-0.109868,0.991646,1.191816,0.793049
500.000000,0.774774,-0.021607,0.988157,1.165262,1.048282
501.000000,0.980508,0.368071,0.984834,1.157606,1.252470
502.000000,1.132247,0.662969,0.959368,1.148027,1.032289
503.000000,1.167601,0.943818,0.931196,1.142763,0.840815
504.000000,1.167568,1.183059,0.835437,1.135525,0.785496
505.000000,0.868428,1.147470,0.703610,1.120399,-0.298694
506.000000,0.262706,0.901895,0.482014,1.071913,-1.317305
507.000000,0.013341,0.872308,0.412942,1.068911,0.023793
508.000000,0.018861,0.939846,0.384492,1.108316,0.886462
509.000000,-0.235988,0.795220,0.348429,1.101265,-0.195673
510.000000,-0.522856,0.343263,0.202843,1.036417,-1.366443
511.000000,-0.645991,-0.290727,0.216264,0.930872,-1.684733
512.000000,-1.694325,-1.411849,-0.486862,0.662345,-3.262872
513.000000,-2.941113,-2.594674,-2.103318,0.214321,-3.614896
514.000000,-3.262444,-3.083452,-3.190067,-0.376053,-2.754579
515.000000,-3.174862,-3.102774,-3.538285,-1.000745,-2.267587
516.000000,-3.040046,-2.978713,-3.516235,-1.652539,-2.102366
517.000000,-2.641109,-2.884700,-3.288145,-2.071591,-1.561104
518.000000,-2.176375,-2.832970,-3.100450,-2.348526,-1.407943
519.000000,-1.870452,-2.709595,-2.945472,-2.436582,-1.335723
520.000000,-1.629264,-2.530703,-2.808964,-2.411329,-1.162267
521.000000,-1.427382,-2.372500,-2.705965,-2.284951,-1.181438
522.000000,-1.309408,-2.122175,-2.589578,-2.195907,-1.044285
523.000000,-1.222985,-1.833306,-2.483179,-2.115848,-1.023323
524.000000,-1.084790,-1.592492,-2.361230,-2.018398,-0.703296
525.000000,-0.884015,-1.352145,-2.184901,-1.915529,-0.222371
526.000000,-0.727884,-1.161622,-2.034103,-1.859921,-0.434004
527.000000,-0.573849,-1.017714,-1.945605,-1.801210,-0.308072
528.000000,-0.394202,-0.878519,-1.889490,-1.750632,-0.173789
529.000000,-0.218402,-0.715123,-1.792091,-1.688531,0.132316
530.000000,-0.129803,-0.563539,-1.674773,-1.640259,0.215662
531.000000,-0.003424,-0.416159,-1.570731,-1.613317,0.155427
532.000000,0.175443,-0.242581,-1.388716,-1.565766,0.537333
533.000000,0.326828,-0.067454,-1.167621,-1.527395,0.512223
534.000000,0.518397,0.127933,-0.951438,-1.471199,1.035982
535.000000,0.676337,0.256899,-0.763657,-1.406645,0.898628
536.000000,0.872637,0.436440,-0.567700,-1.319920,0.972197
537.000000,0.992602,0.619335,-0.398305,-1.280615,1.030683
538.000000,1.128565,0.801907,-0.230293,-1.280743,1.072253
539.000000,1.085248,0.925558,-0.070489,-1.279060,0.799468
540.000000,1.475698,1.274923,0.227618,-1.147634,2.542300
541.000000,1.767281,1.606972,0.555176,-1.020253,2.113195
542.000000,1.938536,1.818399,0.907836,-0.794821,1.885989
543.000000,2.056234,1.971175,1.301753,-0.427643,1.981232
544.000000,2.144476,1.967600,1.630054,-0.041614,1.741118
545.000000,1.885258,1.922950,1.823937,0.360958,1.420117
546.000000,1.676671,1.830616,1.951528,0.784139,1.086835
547.000000,1.464850,1.722265,1.987556,1.151030,0.806710
548.000000,1.231060,1.643142,1.975151,1.498109,0.818603
549.000000,0.946154,1.567112,1.878234,1.744320,0.331468
550.000000,0.696224,1.340384,1.771370,1.901233,0.201239
551.000000,0.529177,1.171682,1.687435,2.022596,0.284820
552.000000,0.344465,0.987088,1.566207,2.047718,-0.109255
553.000000,0.251054,0.829176,1.497686,2.082890,0.469072
554.000000,0.232919,0.667763,1.400044,2.042993,0.257653
555.000000,0.324623,0.567190,1.344177,1.970533,0.653637
556.000000,0.281546,0.451325,1.267596,1.894409,0.042180
557.000000,0.409232,0.396568,1.215822,1.831134,0.387122
558.000000,0.350750,0.315238,1.171598,1.757245,0.181516
559.000000,0.462497,0.358364,1.177900,1.691697,0.758803
560.000000,0.286543,0.342551,1.048527,1.602894,-0.137452
561.000000,0.147768,0.255739,0.923431,1.519966,-0.687392
562.000000,-0.122041,0.219116,0.798394,1.426491,-0.749668
563.000000,-0.172984,0.158949,0.678290,1.374701,0.038167
564.000000,-0.251676,0.203081,0.585401,1.320149,0.618545
565.000000,-0.286563,0.058317,0.471915,1.261495,-0.241938
566.000000,0.041064,0.135025,0.418385,1.227773,0.534810
567.000000,0.472003,0.190000,0.405730,1.209209,0.773390
568.000000,0.517663,0.196344,0.353542,1.189544,0.151779
569.000000,0.521594,0.145872,0.402431,1.217423,0.617010
570.000000,0.873950,0.411008,0.522577,1.149383,1.070091
571.000000,1.006632,0.865906,0.680897,1.108650,1.219879
572.000000,0.946227,1.214222,0.935583,1.059035,0.747471
573.000000,1.012309,1.258672,1.058542,0.969198,0.477309
574.000000,1.231125,1.310525,1.346899,0.910035,1.446337
575.000000,1.456236,1.624305,1.610164,0.890116,1.913035
576.000000,1.322621,1.562053,1.819398,0.854457,0.601005
577.000000,1.231870,1.436695,1.822199,0.839361,0.354393
578.000000,1.220164,1.479891,1.833031,0.822198,0.461737
579.000000,0.801938,1.364882,1.580591,0.845153,-0.185785
580.000000,0.245199,1.123851,1.551244,0.888799,-0.297124
581.000000,-0.225022,0.703114,1.488299,0.862209,-1.301652
582.000000,-0.689318,0.352906,1.424037,0.893227,-1.497819
583.000000,-1.150865,0.095968,1.216521,0.823443,-1.221086
584.000000,-1.699678,-0.480963,0.743327,0.676768,-2.192733
585.000000,-2.417023,-1.361314,0.232523,0.230576,-3.051450
586.000000,-2.481382,-1.801137,-0.268906,-0.062815,-1.970816
587.000000,-2.397911,-2.073231,-0.756357,-0.497408,-1.612313
588.000000,-2.445496,-2.348997,-1.181557,-1.080446,-1.933570
589.000000,-1.937198,-2.170746,-1.293844,-1.433744,-0.114142
590.000000,-0.811202,-1.700833,-1.044243,-0.954341,1.873242
591.000000,0.441229,-0.965958,-0.544973,0.230621,2.779794
592.000000,1.503138,-0.284163,-0.028313,1.501543,2.326194
593.000000,2.299704,0.268936,0.416847,2.228478,1.758054
594.000000,2.492815,0.897446,0.692092,2.528604,1.529583
595.000000,2.327962,1.651004,0.943447,2.869230,1.560506
596.000000,1.931205,2.065113,1.288023,2.783496,1.181593
597.000000,1.723446,2.378055,1.762318,2.726596,1.473107
598.000000,1.554153,2.542443,2.053190,2.652940,1.092106
599.000000,1.448749,2.474833,2.347068,2.540810,1.118754
600.000000,1.503427,2.347845,2.703870,2.543080,1.789418
601.000000,1.638161,2.158218,2.955214,2.529071,1.810802
602.000000,1.591601,1.969676,2.947341,2.460235,1.327613
603.000000,1.691076,1.909009,2.934842,2.470984,1.629790
604.000000,1.741280,1.858459,2.908748,2.405949,1.482567
605.000000,1.610597,1.777613,2.876122,2.296694,1.239106
606.000000,1.588279,1.806721,2.829876,2.327153,1.700355
607.000000,1.608293,1.775820,2.733842,2.322313,1.483391
608.000000,1.551971,1.771271,2.654239,2.296777,1.399898
609.000000,1.466159,1.729088,2.491394,2.256136,1.122500
610.000000,1.397124,1.612621,2.282249,2.200595,0.951672
611.000000,1.209874,1.485724,2.064648,2.160638,0.796935
612.000000,1.091196,1.426261,1.909938,2.133981,0.910095
613.000000,1.041672,1.370336,1.821729,2.122944,1.168440
614.000000,1.022552,1.316466,1.745830,2.120306,1.036589
615.000000,0.992164,1.265629,1.660866,2.127313,0.789545
616.000000,0.946236,1.141600,1.587497,2.090812,0.492466
617.000000,0.877281,1.041930,1.511416,2.054890,0.486871
618.000000,0.751831,0.956413,1.464819,2.039919,0.571606
619.000000,0.594424,0.884377,1.413387,1.977145,0.231701
620.000000,0.404766,0.806915,1.320915,1.864553,-0.238369
621.000000,0.267540,0.745763,1.229848,1.733697,-0.170030
622.000000,0.216188,0.694035,1.183427,1.636695,0.429681
623.000000,0.076850,0.557107,1.108543,1.557613,0.080679
624.000000,0.074383,0.431735,1.047445,1.497043,0.252726
625.000000,0.197029,0.341700,1.005075,1.439631,0.298208
626.000000,-0.272782,0.046246,0.851719,1.349991,-2.389111
627.000000,-0.850319,-0.263119,0.717266,1.264637,-1.848289
628.000000,-1.098762,-0.472409,0.616133,1.225587,-0.631937
629.000000,-1.501555,-0.658857,0.523839,1.185246,-0.927166
630.000000,-1.883563,-0.771851,0.438060,1.115176,-0.828817
631.000000,-1.423474,-0.907271,0.355276,1.040624,-0.792197
632.000000,-1.806038,-1.558129,0.112422,0.932809,-3.040869
633.000000,-2.348358,-2.086703,-0.251736,0.797967,-2.612504
634.000000,-2.506783,-2.409401,-0.676475,0.673865,-1.985490
635.000000,-2.402721,-2.466856,-1.080657,0.585384,-1.104335
636.000000,-2.362465,-2.184391,-1.494317,0.428682,-1.305054
637.000000,-1.946987,-2.004395,-1.860392,0.260357,-1.276653
638.000000,-1.985351,-2.203204,-2.264589,-0.026418,-2.682489
639.000000,-2.012589,-2.268645,-2.398390,-0.321115,-2.115299
640.000000,-2.117763,-2.270921,-2.375863,-0.640968,-1.710190
641.000000,-2.151504,-2.265971,-2.342233,-1.013581,-1.666783
642.000000,-2.203965,-2.114657,-2.348745,-1.484346,-1.772214
643.000000,-1.975977,-1.996685,-2.305012,-1.989898,-1.682790
644.000000,-1.844314,-1.931739,-2.259676,-2.335898,-1.569417
645.000000,-1.892182,-2.005281,-2.254658,-2.505084,-1.977225
646.000000,-1.803062,-1.972294,-2.095753,-2.461096,-1.305972
647.000000,-1.592798,-1.889992,-1.957270,-2.343954,-0.801390
648.000000,-1.407979,-1.692340,-1.895826,-2.235969,-0.794763
649.000000,-1.249765,-1.553750,-1.842749,-2.128393,-0.795072
650.000000,-0.915809,-1.422128,-1.780425,-2.003371,-0.433956
651.000000,-0.713880,-1.294059,-1.726332,-1.902323,-0.381854
652.000000,-0.476557,-1.084614,-1.566401,-1.805913,0.342567
653.000000,-0.427467,-0.976552,-1.477689,-1.760098,-0.597574
654.000000,-0.374962,-0.878677,-1.419558,-1.729379,-0.607527
655.000000,-0.264913,-0.650136,-1.375516,-1.680867,0.116061
656.000000,-0.398184,-0.600326,-1.374821,-1.610498,-1.022878
657.000000,-0.971681,-0.723492,-1.423065,-1.602514,-1.956469
658.000000,-1.322738,-0.861314,-1.395010,-1.636298,-1.958550
659.000000,-1.611082,-0.983922,-1.381344,-1.659204,-1.717800
660.000000,-1.936217,-1.127889,-1.371412,-1.671602,-1.336183
661.000000,-1.930383,-1.242378,-1.342205,-1.670765,-0.844284
662.000000,-1.862132,-1.563188,-1.342105,-1.637665,-1.652336
663.000000,-2.008364,-1.868219,-1.404580,-1.648560,-2.561564
664.000000,-2.509515,-2.328184,-1.568810,-1.735502,-3.404432
665.000000,-3.038860,-2.821383,-1.753324,-1.881842,-3.435432
666.000000,-3.239500,-2.976035,-1.950007,-1.987306,-2.787003
667.000000,-3.107273,-2.890721,-2.110181,-2.045925,-2.126864
668.000000,-2.744095,-2.680214,-2.161227,-1.994177,-1.346453
669.000000,-2.341270,-2.535027,-2.202081,-1.966047,-1.407756
670.000000,-1.917452,-2.428913,-2.242512,-1.947871,-1.323099
671.000000,-1.733747,-2.435657,-2.322595,-1.967859,-1.860052
672.000000,-1.603105,-2.350343,-2.371311,-1.955876,-1.514934
673.000000,-1.578900,-2.201309,-2.329849,-1.929792,-1.289816
674.000000,-1.598666,-2.030478,-2.305880,-1.923990,-1.531441
675.000000,-1.536393,-1.790061,-2.259052,-1.869720,-1.091548
676.000000,-1.341249,-1.589265,-2.168592,-1.833976,-0.935874
677.000000,-1.182878,-1.437499,-2.049630,-1.808419,-0.761933
678.000000,-1.004146,-1.330188,-1.924875,-1.765237,-0.422330
679.000000,-0.837947,-1.257931,-1.848282,-1.745204,-0.737745
680.000000,-0.696507,-1.162803,-1.772902,-1.721310,-0.408307
681.000000,-0.488567,-0.964999,-1.692347,-1.678056,0.086015
682.000000,-0.297103,-0.796583,-1.602075,-1.658693,0.183722
683.000000,-0.235019,-0.679689,-1.512180,-1.632287,-0.123869
684.000000,-0.112049,-0.537908,-1.391838,-1.615484,-0.245999
685.000000,-0.274325,-0.540578,-1.302910,-1.661284,-1.356176
686.000000,-0.657939,-0.591824,-1.244620,-1.691990,-1.654946
687.000000,-1.017098,-0.634581,-1.196200,-1.683525,-1.229232
688.000000,-1.279334,-0.717837,-1.184909,-1.669280,-1.055386
689.000000,-1.675739,-0.842869,-1.205601,-1.688603,-1.777268
690.000000,-1.717827,-1.007708,-1.217573,-1.705073,-1.464801
691.000000,-1.455599,-1.161051,-1.140732,-1.696131,-0.307007
692.000000,-1.294927,-1.350840,-1.085211,-1.674196,-0.198770
693.000000,-1.083151,-1.482415,-1.030763,-1.622687,0.264532
694.000000,-0.394173,-1.542977,-0.926740,-1.521207,0.771529
695.000000,0.138908,-1.418537,-0.884783,-1.411641,0.048229
696.000000,0.438031,-1.059928,-0.820053,-1.293538,0.719713
697.000000,0.673825,-0.733215,-0.767763,-1.199341,0.667607
698.000000,1.033895,-0.202165,-0.696490,-1.116715,1.607721
699.000000,1.227430,0.652156,-0.567557,-1.028801,1.523872
700.000000,1.371063,1.273460,-0.526390,-0.968166,0.720907
701.000000,1.412648,1.539311,-0.531573,-0.850880,0.998597
702.000000,1.488927,1.740470,-0.529020,-0.739214,1.116257
703.000000,1.324136,1.803526,-0.458864,-0.635343,1.011327
704.000000,1.151994,1.747660,-0.338867,-0.498066,0.867444
705.000000,1.357650,1.933234,0.311332,-0.344778,1.587323
706.000000,1.463416,1.967643,1.230346,-0.185258,1.480941
707.000000,1.668701,2.087889,2.229649,0.023392,1.988327
708.000000,1.925822,2.109457,2.982761,0.255875,2.172143
709.000000,2.138953,2.123673,3.364197,0.577974,2.040234
710.000000,2.064787,2.137263,3.278213,0.854605,1.510885
711.000000,2.115696,2.178352,3.081243,1.155521,1.926213
712.000000,1.938192,2.105549,2.844669,1.387720,1.323354
713.000000,1.730918,2.045432,2.638721,1.650589,1.262652
714.000000,1.607656,2.036640,2.481245,1.921440,1.476590
715.000000,1.554075,1.949795,2.383810,2.190449,1.350361
716.000000,1.356800,1.843854,2.241660,2.324151,1.055421
717.000000,0.819702,1.444953,1.935749,2.110285,-1.318468
718.000000,0.369435,1.103599,1.678332,1.956044,-0.964170
719.000000,-0.258096,0.734543,1.433217,1.849325,-1.437860
720.000000,-1.030263,0.361953,1.221064,1.700984,-1.936676
721.000000,-1.792527,-0.123418,0.982040,1.476460,-2.121707
722.000000,-2.034438,-0.624137,0.706392,1.241086,-2.319960
723.000000,-2.353514,-1.205832,0.391790,0.957319,-2.445401
724.000000,-2.427314,-1.780290,0.090362,0.661961,-2.104754
725.000000,-2.348602,-2.223003,-0.258872,0.411489,-1.866741
726.000000,-2.158230,-2.432960,-0.571783,0.156177,-1.447207
727.000000,-1.931355,-2.316958,-0.924702,-0.103378,-1.314756
728.000000,-1.681914,-2.233190,-1.294690,-0.450335,-1.257965
729.000000,-1.527621,-2.134308,-1.652920,-0.852491,-1.371001
730.000000,-1.391951,-1.998859,-1.902591,-1.193003,-1.226690
731.000000,-1.295572,-1.841959,-2.105710,-1.505230,-1.012582
732.000000,-1.224090,-1.682647,-2.205413,-1.790175,-0.989666
733.000000,-1.121449,-1.494651,-2.236243,-1.974863,-0.779179
734.000000,-0.963773,-1.325339,-2.239185,-2.062687,-0.613173
735.000000,-0.866827,-1.201646,-2.224694,-2.175780,-0.757913
736.000000,-0.843750,-1.139421,-2.189722,-2.251929,-0.901466
737.000000,-0.788928,-1.072780,-2.022587,-2.291195,-0.730175
738.000000,-0.835800,-1.043930,-1.925098,-2.344867,-1.017407
739.000000,-0.936336,-1.011096,-1.833382,-2.366931,-1.108071
740.000000,-1.017983,-0.998203,-1.743238,-2.343251,-1.156103
741.000000,-1.041561,-0.992200,-1.646905,-2.319764,-1.004721
742.000000,-1.173395,-1.022889,-1.570530,-2.284895,-1.353695
743.000000,-1.251958,-1.082181,-1.490528,-2.246532,-1.387564
744.000000,-1.309338,-1.161851,-1.425979,-2.214899,-1.374750
745.000000,-1.298567,-1.197314,-1.358064,-2.162173,-0.999924
746.000000,-1.448494,-1.271611,-1.340659,-2.127605,-1.800831
747.000000,-1.531579,-1.383902,-1.334908,-2.019577,-1.801530
748.000000,-1.563989,-1.445219,-1.322584,-1.936330,-1.459761
749.000000,-1.597826,-1.502824,-1.303705,-1.858171,-1.449647
750.000000,-1.637687,-1.530887,-1.284072,-1.772137,-0.996257
751.000000,-1.470354,-1.585455,-1.283143,-1.690863,-0.988482
752.000000,-1.340511,-1.598178,-1.296065,-1.615313,-1.263981
753.000000,-1.220558,-1.554655,-1.318725,-1.529149,-0.969206
754.000000,-1.154779,-1.512613,-1.367718,-1.462455,-1.189588
755.000000,-1.248995,-1.549469,-1.418028,-1.414704,-1.450935
756.000000,-1.387844,-1.514969,-1.470049,-1.394184,-1.655770
757.000000,-1.565424,-1.536095,-1.564462,-1.395045,-2.079972
758.000000,-1.916589,-1.677910,-1.666301,-1.418503,-2.569965
759.000000,-2.295664,-1.884572,-1.792744,-1.456826,-2.878819
760.000000,-2.473563,-2.057117,-1.890310,-1.495575,-2.444182
761.000000,-2.500028,-2.151073,-1.968386,-1.536785,-2.082805
762.000000,-2.439599,-2.194337,-1.999961,-1.579193,-1.985737
763.000000,-2.246849,-2.207747,-1.996249,-1.621738,-1.652670
764.000000,-2.034011,-2.220025,-2.000057,-1.681893,-1.770468
765.000000,-1.979546,-2.260534,-2.053505,-1.752817,-2.141325
766.000000,-1.922141,-2.242261,-2.037705,-1.800396,-1.809617
767.000000,-1.873070,-2.192238,-2.018799,-1.853549,-1.751396
768.000000,-1.827029,-2.077997,-1.993445,-1.871892,-1.451471
769.000000,-1.701501,-1.907807,-1.950138,-1.867787,-1.158399
770.000000,-1.551422,-1.802238,-1.941535,-1.870419,-1.394739
771.000000,-1.386700,-1.690338,-1.907770,-1.858676,-0.995664
772.000000,-1.227848,-1.586440,-1.867814,-1.826746,-0.969965
773.000000,-1.155053,-1.529841,-1.849881,-1.798879,-1.096495
774.000000,-1.116183,-1.449543,-1.820757,-1.766427,-0.966911
775.000000,-0.982996,-1.308560,-1.776501,-1.740630,-0.744720
776.000000,-1.001115,-1.234331,-1.748348,-1.711251,-1.087304
777.000000,-1.085479,-1.195182,-1.723331,-1.695989,-1.381449
778.000000,-1.094823,-1.162329,-1.666137,-1.680544,-1.140075
779.000000,-1.149376,-1.169584,-1.594625,-1.670116,-1.224922
780.000000,-1.315799,-1.183939,-1.555597,-1.683095,-1.560118
781.000000,-1.403180,-1.237321,-1.529558,-1.693384,-1.519651
782.000000,-1.400301,-1.278754,-1.499041,-1.692173,-1.362189
783.000000,-1.450357,-1.305754,-1.484955,-1.698063,-1.354115
784.000000,-1.379336,-1.297014,-1.438362,-1.682783,-0.726881
785.000000,-1.178773,-1.294789,-1.358993,-1.658461,-0.409237
786.000000,-0.844231,-1.206737,-1.274078,-1.617638,0.418849
787.000000,-0.502243,-1.087772,-1.195330,-1.573311,0.419073
788.000000,-0.126292,-1.016693,-1.143588,-1.522103,0.119028
789.000000,0.315231,-0.850464,-1.082412,-1.437509,1.088458
790.000000,0.628550,-0.618711,-1.012732,-1.369601,0.682574
791.000000,0.680237,-0.347764,-0.972703,-1.314430,0.590279
792.000000,0.861276,0.020009,-0.915082,-1.249829,1.155622
793.000000,1.569238,0.721264,-0.772368,-1.158955,2.851891
794.000000,2.051057,1.432032,-0.608649,-1.050149,2.774873
795.000000,2.515881,2.067553,-0.419017,-0.899811,2.713213
796.000000,2.750039,2.366801,-0.160369,-0.754623,2.354915
797.000000,2.806471,2.546432,0.211666,-0.586333,2.314696
798.000000,2.637161,2.671431,0.656963,-0.404006,2.303329
799.000000,2.492684,2.658053,1.209880,-0.209073,2.215997
800.000000,2.211106,2.550528,1.740077,-0.010073,1.490226
801.000000,2.054217,2.490396,2.222004,0.206232,1.649461
802.000000,1.848495,2.368607,2.489828,0.432880,1.335840
803.000000,1.720863,2.219596,2.638831,0.745702,1.640558
804.000000,1.570684,2.071637,2.607137,1.071511,1.467220
805.000000,1.529990,1.921943,2.511945,1.379213,1.328840
806.000000,1.492760,1.826471,2.398945,1.730542,1.470858
807.000000,1.520433,1.741220,2.310296,2.054710,1.501992
808.000000,1.467633,1.645591,2.237567,2.243567,1.395082
809.000000,1.430562,1.548339,2.143299,2.336066,1.305494
810.000000,1.391033,1.500531,2.064902,2.363468,1.148186
811.000000,1.291514,1.423338,1.991022,2.329189,0.969567
812.000000,1.147176,1.359959,1.905890,2.258041,0.762798
813.000000,1.032851,1.276629,1.797225,2.192733,0.819959
814.000000,0.967183,1.229019,1.709540,2.119479,1.014750
815.000000,0.962121,1.210595,1.632391,2.055856,1.167810
816.000000,0.976450,1.166031,1.563137,1.978808,1.041456
817.000000,0.961037,1.080004,1.477374,1.903038,0.610966
818.000000,0.858635,0.971554,1.377290,1.834982,0.189958
819.000000,0.707805,0.870350,1.283197,1.762713,0.202343
820.000000,0.483801,0.775554,1.223751,1.707737,0.055525
821.000000,0.108936,0.639358,1.133868,1.645925,-0.941998
822.000000,-0.218915,0.525440,1.067110,1.588593,-1.117460
823.000000,-0.494076,0.389095,0.982446,1.507713,-1.114879
824.000000,-0.789744,0.220810,0.915131,1.436963,-0.714794
825.000000,-0.913510,0.048389,0.874488,1.377437,0.211072
826.000000,-0.661342,-0.142273,0.819373,1.325993,0.253248
827.000000,-0.392285,-0.311825,0.746224,1.267459,-0.043375
828.000000,0.048958,-0.356875,0.686227,1.212188,0.552637
829.000000,0.466664,-0.369182,0.632705,1.158658,0.851309
830.000000,0.877815,-0.196536,0.620561,1.152491,1.777796
831.000000,1.171796,0.241280,0.619134,1.132226,1.381970
832.000000,1.456221,0.705038,0.641056,1.126306,1.147448
833.000000,1.615111,1.214582,0.670647,1.104597,1.302425
834.000000,1.744276,1.647953,0.693049,1.097970,1.486813
835.000000,1.523843,1.769095,0.666214,1.092556,0.959385
836.000000,1.311070,1.776619,0.630286,1.066308,0.585009
837.000000,1.037549,1.715859,0.632050,1.016964,0.032866
838.000000,0.758346,1.583643,0.756516,0.971559,0.119650
839.000000,0.261724,1.309301,0.816635,0.903715,-0.616057
840.000000,-0.436597,0.702579,0.643849,0.793543,-1.863328
841.000000,-0.879857,0.274220,0.882700,0.709713,-1.188958
842.000000,-1.044805,-0.022490,1.294631,0.661679,-0.674511
843.000000,-1.190486,-0.331866,1.746642,0.597400,-0.574850
844.000000,-1.086561,-0.615503,2.019855,0.501974,-0.231648
845.000000,-0.815076,-0.898814,1.576808,0.308403,-0.732018
846.000000,-0.726964,-1.133549,1.079992,0.067711,-0.846521
847.000000,-0.864660,-1.335329,0.534096,-0.189792,-1.258845
848.000000,-0.959520,-1.480701,-0.123357,-0.384195,-0.994175
849.000000,-1.143046,-1.512881,-0.926717,-0.640877,-1.064229
850.000000,-1.241246,-1.383291,-2.028406,-0.918588,-1.219053
851.000000,-1.460875,-1.455663,-2.852755,-1.100431,-1.858406
852.000000,-1.477921,-1.516855,-3.067271,-1.190295,-1.386812
853.000000,-1.631466,-1.635854,-3.192538,-1.354819,-1.737903
854.000000,-1.631539,-1.699532,-3.114377,-1.466398,-1.151502
855.000000,-1.498563,-1.639754,-2.898085,-1.604567,-0.709750
856.000000,-1.240870,-1.580971,-2.699921,-1.712314,-0.727536
857.000000,-1.009351,-1.433503,-2.455460,-1.693161,-0.341364
858.000000,-0.730640,-1.337978,-2.291694,-1.750371,-0.445651
859.000000,-0.581991,-1.241014,-2.105732,-1.822281,-0.462464
860.000000,-0.514207,-1.121399,-1.846895,-1.951387,-0.402177
861.000000,-0.438512,-0.934426,-1.685886,-2.011018,-0.389017
862.000000,-0.377737,-0.772520,-1.562609,-2.002499,-0.014870
863.000000,-0.152310,-0.500430,-1.413961,-1.954902,0.725134
864.000000,0.132401,-0.282879,-1.303150,-1.938927,0.960855
865.000000,0.376763,-0.144651,-1.188163,-1.926298,0.662528
866.000000,0.495742,-0.067480,-1.123174,-1.949300,-0.235835
867.000000,0.262627,-0.149357,-1.093341,-1.993112,-1.530317
868.000000,-0.419618,-0.273742,-1.111383,-2.058041,-2.000514
869.000000,-1.304967,-0.413737,-1.116841,-2.044662,-1.771652
870.000000,-2.058236,-0.624185,-1.116849,-1.935370,-1.871383
871.000000,-2.189730,-0.777264,-1.026777,-1.849402,-1.108652
872.000000,-1.893784,-0.983489,-0.963879,-1.795837,-0.692488
873.000000,-1.692991,-1.498747,-0.909770,-1.791003,-1.330208
874.000000,-1.561180,-2.039137,-0.923754,-1.811802,-1.350894
875.000000,-1.073262,-2.158192,-0.896997,-1.717869,0.161376
876.000000,-1.884740,-2.757514,-1.214932,-1.845078,-3.586875
877.000000,-2.998278,-3.202252,-1.825702,-2.040586,-3.957807
878.000000,-3.330000,-3.240715,-2.371416,-2.186119,-3.078909
879.000000,-3.224061,-3.071291,-2.701271,-2.221189,-2.167783
880.000000,-3.170823,-2.894579,-2.869008,-2.215291,-1.887950
881.000000,-2.756894,-2.780079,-2.898388,-2.167170,-1.744942
882.000000,-2.363321,-2.747537,-2.925534,-2.186293,-1.999130
883.000000,-2.094901,-2.656577,-2.904422,-2.173355,-1.849360
884.000000,-1.965862,-2.554963,-2.826313,-2.175043,-1.660042
885.000000,-1.789970,-2.461972,-2.675271,-2.147837,-1.172200
886.000000,-1.597442,-2.194431,-2.497312,-2.096426,-0.889566
887.000000,-1.290889,-1.853909,-2.294019,-2.038954,-0.517774
888.000000,-0.972552,-1.563694,-2.107092,-1.968575,-0.298885
889.000000,-0.627372,-1.334636,-1.939378,-1.886223,-0.011250
890.000000,-0.389266,-1.145858,-1.804231,-1.820068,-0.054232
891.000000,-0.150013,-0.945867,-1.689160,-1.743407,0.219387
892.000000,0.013780,-0.713631,-1.601292,-1.688909,0.234559
893.000000,0.166646,-0.469780,-1.502246,-1.653757,0.405909
894.000000,0.316097,-0.203726,-1.399903,-1.611361,0.696424
895.000000,0.505257,0.025761,-1.339462,-1.561894,0.801516
896.000000,0.649211,0.237825,-1.177291,-1.497851,0.843000
897.000000,0.840865,0.434771,-0.943795,-1.403575,1.037181
898.000000,1.005172,0.620733,-0.716683,-1.303231,1.087979
899.000000,0.936132,0.690352,-0.573820,-1.255899,0.360587
900.000000,0.918362,0.811939,-0.410823,-1.190074,0.713453
901.000000,0.894841,0.899474,-0.240103,-1.147069,0.729239
902.000000,0.706226,0.919689,-0.061448,-1.154774,0.178971
903.000000,0.576275,0.954153,0.163295,-1.131160,0.520631
904.000000,0.657472,0.966402,0.426136,-1.101108,0.701750
905.000000,0.850232,1.075357,0.756495,-1.065874,1.547505
906.000000,1.045831,1.177132,1.110853,-0.877501,1.562132
907.000000,1.341368,1.234361,1.433922,-0.555956,1.601486
908.000000,1.511357,1.257137,1.694310,-0.192711,1.539124
909.000000,1.661433,1.383257,1.882457,0.195531,1.656767
910.000000,1.603513,1.408110,1.982126,0.610044,1.313140
911.000000,1.577515,1.444901,2.010122,1.115829,1.441505
912.000000,1.498346,1.515387,1.975029,1.679621,1.215535
913.000000,1.430498,1.547135,1.904002,2.167172,1.204890
914.000000,1.304213,1.555019,1.797691,2.453291,1.032570
915.000000,1.262174,1.507605,1.703945,2.525789,1.079294
916.000000,1.144792,1.446890,1.612456,2.469876,0.828860
917.000000,1.126652,1.402033,1.535765,2.367385,1.123780
918.000000,1.043097,1.335391,1.452588,2.233333,0.775037
919.000000,0.969224,1.235046,1.429393,2.089744,0.638308
920.000000,0.884660,1.182039,1.389975,1.978061,0.673927
921.000000,0.871096,1.106682,1.362172,1.866792,0.737530
922.000000,0.746587,1.044000,1.377535,1.769475,0.556457
923.000000,0.699929,0.973929,1.378070,1.679237,0.544899
924.000000,0.657815,0.913084,1.372489,1.585363,0.424677
925.000000,0.778357,0.925445,1.354028,1.526477,1.214632
926.000000,0.913757,0.991291,1.340629,1.481126,1.322534
927.000000,1.122020,1.032848,1.326658,1.437161,1.447320
928.000000,1.200278,1.055899,1.289489,1.381245,0.907245
929.000000,1.050686,0.958241,1.186099,1.342785,-0.289810
930.000000,0.828996,0.908791,1.131724,1.303843,0.152891
931.000000,0.349284,0.728620,1.010246,1.245975,-0.940327
932.000000,-0.272574,0.544824,0.897302,1.226586,-1.404825
933.000000,-0.726771,0.433291,0.813787,1.215975,-0.773845
934.000000,-1.018247,0.287606,0.728427,1.199906,-1.461703
935.000000,-1.517946,-0.015253,0.635134,1.151096,-1.208524
936.000000,-1.465977,-0.330360,0.596245,1.116395,-0.264822
937.000000,-0.826878,-0.657841,0.568297,1.094960,0.822509
938.000000,0.249891,-0.633147,0.690386,1.119982,2.585284
939.000000,1.215491,-0.258929,0.797295,1.112898,1.747013
940.000000,1.836078,-0.032369,0.874828,1.122010,1.187951
941.000000,2.094356,0.834608,0.941555,1.112645,1.088766
942.000000,2.266513,2.114874,1.116068,1.158161,1.844965
943.000000,1.992068,2.677092,1.296071,1.205082,1.699401
944.000000,2.232702,3.286761,1.656231,1.341880,2.697747
945.000000,2.428318,3.388752,1.864242,1.466945,2.292973
946.000000,2.494605,3.214148,2.006119,1.599023,1.936027
947.000000,2.572572,3.094580,2.229145,1.755497,2.505340
948.000000,2.443609,2.723919,2.366170,1.859124,1.618431
949.000000,2.037585,2.437348,2.493808,1.905851,0.962525
950.000000,1.778364,2.289064,2.521778,1.950284,1.113979
951.000000,1.646223,2.210279,2.639418,1.996917,1.315888
952.000000,1.348653,2.067432,2.655460,2.027380,1.122010
953.000000,1.124152,1.896857,2.516106,2.003585,0.597886
954.000000,1.019160,1.646468,2.405086,1.980022,0.480797
955.000000,0.796136,1.396165,2.264055,1.866993,0.079923
956.000000,0.269878,1.050398,2.012314,1.657350,-1.065012
957.000000,-0.124984,0.682418,1.806829,1.485661,-0.630010
958.000000,-0.409540,0.405795,1.553589,1.360311,-0.661062
959.000000,-0.719541,0.173355,1.347332,1.305381,-0.922386
960.000000,-0.820242,-0.015530,1.231420,1.266751,-0.399529
961.000000,-0.753111,-0.284932,1.102912,1.273059,-0.788456
962.000000,-0.686573,-0.474485,0.987979,1.335796,-0.301487
963.000000,-0.714175,-0.653888,0.845883,1.312727,-0.785220
964.000000,-0.707021,-0.832830,0.620521,1.303039,-0.920850
965.000000,-0.768379,-0.926029,0.427530,1.318872,-0.592598
966.000000,-0.924946,-0.967326,0.164872,1.238301,-1.478055
967.000000,-1.243357,-1.100339,-0.223152,1.105181,-1.604879
968.000000,-1.548811,-1.302336,-0.631045,0.819652,-2.084267
969.000000,-1.816069,-1.477623,-1.022915,0.534400,-2.132035
970.000000,-1.928621,-1.610157,-1.364535,0.329289,-1.391692
971.000000,-1.820424,-1.635423,-1.695651,0.126246,-1.164271
972.000000,-1.963198,-1.868016,-2.099643,-0.383180,-2.265212
973.000000,-1.844150,-1.906389,-2.266121,-0.889245,-1.572414
974.000000,-1.719074,-1.917610,-2.339151,-1.611693,-1.579523
975.000000,-1.724643,-1.945064,-2.322015,-2.265915,-1.513837
976.000000,-1.636232,-1.820783,-2.136350,-2.583926,-0.828618
977.000000,-1.252361,-1.658773,-1.970125,-2.727377,-0.345517
978.000000,-0.956313,-1.443242,-1.806438,-2.633887,-0.039707
979.000000,-0.602063,-1.214102,-1.639703,-2.452869,0.149843
980.000000,-0.153825,-1.033712,-1.510434,-2.286057,0.533311
981.000000,0.198668,-0.870040,-1.369043,-2.159709,0.738934
982.000000,0.456893,-0.559365,-1.281236,-2.046336,0.787538
983.000000,0.707107,-0.282593,-1.169462,-1.904956,1.033723
984.000000,0.875346,0.009333,-1.083464,-1.804479,0.738589
985.000000,0.920588,0.330621,-1.037109,-1.703641,0.581944
986.000000,0.830919,0.549731,-0.959833,-1.548765,0.316264
987.000000,1.188526,0.940559,-0.766726,-1.337309,2.229677
988.000000,1.377638,1.246207,-0.543394,-1.161508,1.780883
989.000000,1.702399,1.565874,-0.254716,-0.953707,2.066649
990.000000,2.111507,1.866365,0.053503,-0.753486,2.400863
991.000000,2.785325,2.327191,0.562371,-0.382236,3.399758
992.000000,2.915116,2.627557,1.276216,-0.015343,2.994432
993.000000,2.986004,2.765786,1.940505,0.427314,2.719094
994.000000,2.895946,2.791776,2.448971,0.880500,2.310258
995.000000,2.684287,2.720401,2.706692,1.267210,1.823943
996.000000,2.234224,2.569673,2.681480,1.594914,1.151346
997.000000,1.887466,2.369246,2.585035,1.909029,1.188905
998.000000,1.570561,2.222170,2.458161,2.168008,1.097077
999.000000,1.303964,2.075570,2.327879,2.328511,0.991898
1000.000000,1.125300,1.930422,2.202555,2.369957,0.959547
1001.000000,1.060954,1.706127,2.085699,2.347653,0.844734
1002.000000,0.928337,1.475216,1.967579,2.333506,0.538414
1003.000000,0.820725,1.263430,1.869672,2.272093,0.569458
1004.000000,0.733405,1.082937,1.799992,2.211589,0.566740
1005.000000,0.580988,0.914848,1.726536,2.128657,0.198519
1006.000000,0.443521,0.819664,1.671021,2.030454,0.180436
1007.000000,0.338998,0.702225,1.569218,1.924223,0.010046
1008.000000,0.296208,0.627071,1.510701,1.849593,0.404977
1009.000000,0.343970,0.604031,1.471194,1.805285,0.864209
1010.000000,0.460686,0.571062,1.415868,1.753444,0.736201
1011.000000,0.563927,0.541110,1.301735,1.703772,0.624995
1012.000000,0.612636,0.506494,1.167831,1.646262,0.137769
1013.000000,0.692382,0.526528,1.059810,1.618889,0.742880
1014.000000,0.680061,0.557311,0.967992,1.609527,0.824538
1015.000000,0.617252,0.606331,0.886035,1.596622,0.409613
1016.000000,0.540113,0.645183,0.846120,1.588634,0.174492
1017.000000,0.406966,0.630000,0.765883,1.520747,-0.827039
1018.000000,-0.177249,0.443955,0.649347,1.446423,-1.886489
1019.000000,-1.006311,0.102624,0.523907,1.367778,-1.981563
1020.000000,-1.805966,-0.325303,0.382700,1.283381,-1.830962
1021.000000,-2.386686,-0.966536,0.196577,1.127203,-2.085382
1022.000000,-2.280419,-1.426002,0.065465,0.986502,-1.175471
1023.000000,-1.782854,-1.822901,-0.038611,0.857505,-0.255195
1024.000000,-1.544146,-2.188170,-0.233044,0.701989,-1.086536
1025.000000,-1.463974,-2.315060,-0.425877,0.548635,-1.424593
1026.000000,-1.194621,-2.287924,-0.622871,0.446971,-1.030117
1027.000000,-1.093901,-2.102043,-0.785566,0.332871,-0.758647
1028.000000,-1.174864,-1.819052,-1.028172,0.216247,-0.528143
1029.000000,-1.123319,-1.634836,-1.422094,0.073038,-0.887421
1030.000000,-0.855451,-1.431930,-1.667781,-0.067498,-0.305049
1031.000000,-0.767042,-1.213034,-1.855634,-0.240921,-0.659685
1032.000000,-0.774236,-1.155477,-1.892558,-0.403457,-0.788842
1033.000000,-0.910659,-1.287101,-2.029215,-0.619400,-1.085920
1034.000000,-0.819499,-1.197509,-2.066652,-0.816746,-0.520441
1035.000000,-0.570907,-0.878052,-1.922968,-0.858606,0.699237
1036.000000,-0.179452,-0.581549,-1.764072,-0.865812,0.927605
1037.000000,0.364165,-0.249703,-1.499543,-0.787102,1.361035
1038.000000,0.965400,0.047912,-1.177958,-0.763021,1.314346
1039.000000,1.372704,0.391722,-0.877700,-0.812053,1.251372
1040.000000,1.549921,0.700349,-0.551992,-0.788910,1.554501
1041.000000,1.678668,1.065376,-0.138787,-0.726989,1.595012
1042.000000,1.707020,1.427094,0.205688,-0.573968,1.559917
1043.000000,1.643411,1.716029,0.396973,-0.570524,1.106623
1044.000000,1.202100,1.630887,0.454010,-0.770783,-0.725174
1045.000000,0.854483,1.508758,0.652535,-0.839903,-0.036070
1046.000000,0.294984,1.263709,0.713537,-0.978253,-0.822874
1047.000000,-0.153816,1.053868,0.836799,-0.957566,-0.203509
1048.000000,-0.564922,0.787388,0.874878,-0.865009,-0.512592
1049.000000,-0.462372,0.544345,0.984856,-0.737532,-0.343634
1050.000000,-0.659588,0.158843,0.902286,-0.690761,-0.890099
1051.000000,-0.714977,-0.266630,0.833201,-0.562555,-1.081885
1052.000000,-0.934761,-0.695340,0.778303,-0.616287,-1.096221
1053.000000,-1.145833,-1.078829,0.715658,-1.060393,-1.402400
1054.000000,-1.278827,-1.092304,0.633639,-1.224775,-0.956977
1055.000000,-1.173040,-1.148431,0.434618,-1.079522,-0.493174
1056.000000,-0.969094,-1.056588,0.243683,-0.907826,-0.215832
1057.000000,-0.577608,-0.942849,0.115263,-0.406043,0.610561
1058.000000,-0.108258,-0.781478,-0.012264,0.114223,0.605683
1059.000000,0.169231,-0.705683,-0.197145,0.674078,0.205105
1060.000000,0.307861,-0.563821,-0.459506,0.882679,0.085594
1061.000000,0.038123,-0.613789,-0.975451,0.479737,-1.323026
1062.000000,-0.364439,-0.616201,-1.419576,0.299152,-1.034444
1063.000000,-0.815118,-0.600569,-1.781377,0.172237,-1.220620
1064.000000,-1.116649,-0.627331,-1.811718,-0.166807,-1.047351
1065.000000,-1.236935,-0.635035,-1.867438,-0.852355,-0.506861
1066.000000,-0.935448,-0.617769,-1.744359,-1.387486,-0.110100
1067.000000,-0.708649,-0.723650,-1.701151,-2.041268,-0.099094
1068.000000,-0.413528,-0.802002,-1.571158,-2.458657,0.052927
1069.000000,-0.252352,-0.880784,-1.520021,-2.803045,-0.397754
1070.000000,-0.497333,-1.103469,-1.537787,-3.281936,-1.640723
1071.000000,-1.170958,-1.272608,-1.663408,-3.580451,-2.731489
1072.000000,-2.092489,-1.597225,-1.850359,-3.668388,-3.197584
1073.000000,-2.902186,-1.888763,-1.943659,-3.494569,-2.762813
1074.000000,-3.199351,-2.162406,-2.034066,-3.119825,-2.306288
1075.000000,-3.031856,-2.427358,-2.117138,-2.892055,-1.890049
1076.000000,-2.674278,-2.645485,-2.194808,-2.658546,-1.758269
1077.000000,-2.305651,-2.765337,-2.317366,-2.531984,-1.730143
1078.000000,-2.088911,-2.828206,-2.412539,-2.428343,-1.827688
1079.000000,-1.875811,-2.736581,-2.408316,-2.323661,-1.409339
1080.000000,-1.793042,-2.572391,-2.403803,-2.229102,-1.569949
1081.000000,-1.648019,-2.303666,-2.275246,-2.116424,-1.150278
1082.000000,-1.383195,-1.962743,-2.135389,-1.977904,-0.520940
1083.000000,-1.166760,-1.731249,-2.038456,-1.867674,-0.799967
1084.000000,-0.941788,-1.499368,-1.930902,-1.763283,-0.345455
1085.000000,-0.648514,-1.303032,-1.855564,-1.686270,-0.186688
1086.000000,-0.517276,-1.169790,-1.838990,-1.656517,-0.541720
1087.000000,-0.438102,-0.996687,-1.795467,-1.641851,-0.141300
1088.000000,-0.236006,-0.779760,-1.745719,-1.616455,0.165392
1089.000000,-0.091023,-0.587621,-1.671759,-1.574576,0.376174
1090.000000,-0.027986,-0.395420,-1.572780,-1.551841,0.114477
1091.000000,0.178151,-0.222297,-1.415643,-1.470791,0.341550
1092.000000,0.361821,-0.090505,-1.213663,-1.397008,0.665620
1093.000000,0.494851,0.099561,-1.022812,-1.322282,0.753492
1094.000000,0.608678,0.252890,-0.840442,-1.257028,0.882506
1095.000000,0.869095,0.441097,-0.651752,-1.202124,1.276471
1096.000000,1.067714,0.694257,-0.466387,-1.176023,1.227284
1097.000000,1.518501,1.087140,-0.160068,-1.075151,2.592033
1098.000000,1.968584,1.469735,0.211245,-0.969712,2.600041
1099.000000,2.421417,1.872570,0.640745,-0.799582,2.777903
1100.000000,2.597348,2.194307,1.120688,-0.556530,2.346536
1101.000000,2.478157,2.255973,1.468974,-0.295416,1.379042
1102.000000,2.166162,2.235242,1.729071,0.078659,1.380289
1103.000000,1.971745,2.230265,2.016304,0.563080,1.704839
1104.000000,1.751594,2.194050,2.178571,1.102153,1.656187
1105.000000,1.554591,2.096613,2.229350,1.594823,1.380322
1106.000000,1.503471,1.999084,2.240753,2.007875,1.152706
1107.000000,1.434757,1.815614,2.180813,2.300012,1.052391
1108.000000,1.315960,1.663880,2.101282,2.484633,1.114804
1109.000000,1.203371,1.502544,2.018384,2.523864,1.108961
1110.000000,1.103329,1.356805,1.945726,2.500362,0.887149
1111.000000,1.172568,1.368977,1.913147,2.471626,1.506459
1112.000000,1.282273,1.388270,1.876879,2.392769,1.572589
1113.000000,1.323898,1.345359,1.827292,2.317667,1.296248
1114.000000,1.331864,1.288870,1.772824,2.214240,1.121157
1115.000000,1.392205,1.266296,1.717411,2.122615,1.157753
1116.000000,1.239690,1.230472,1.657213,2.042387,0.730996
1117.000000,1.067037,1.207250,1.557411,1.958701,0.723928
1118.000000,0.978994,1.190677,1.473770,1.885712,0.873533
1119.000000,0.951914,1.186807,1.387147,1.824782,1.000861
1120.000000,0.811356,1.163401,1.297200,1.767285,0.460419
1121.000000,0.739474,1.052901,1.256791,1.708264,0.291540
1122.000000,0.371068,0.798790,1.163311,1.608445,-1.321429
1123.000000,0.079125,0.636992,1.081268,1.545230,-0.489722
1124.000000,-0.341316,0.474828,0.996920,1.487530,-0.665102
1125.000000,-0.697888,0.276066,0.928500,1.428944,-0.768469
1126.000000,-0.998226,0.161656,0.892997,1.395406,-0.286617
1127.000000,-0.712790,0.028969,0.866634,1.325898,-0.157302
1128.000000,-0.413976,-0.085924,0.859258,1.273458,0.766722
1129.000000,-0.400850,-0.447151,0.799338,1.179906,-0.749496
1130.000000,0.098996,-0.536587,0.803554,1.122095,0.753365
1131.000000,0.375742,-0.599849,0.740456,1.110718,0.655087
1132.000000,0.891290,-0.001294,0.698778,1.118840,1.622843
1133.000000,1.089021,0.449265,0.679566,1.103805,1.477033
1134.000000,1.625519,0.935221,0.670377,1.083712,1.265465
1135.000000,1.611951,1.316648,0.629074,1.070994,0.848313
1136.000000,1.654172,1.543626,0.663549,1.079985,0.983458
1137.000000,1.702315,1.890327,0.793643,1.128678,1.872614
1138.000000,1.944872,2.144840,1.017233,1.203711,2.404512
1139.000000,2.247666,2.584575,1.342569,1.302705,2.485297
1140.000000,2.504638,2.677370,1.905096,1.430525,2.241053
1141.000000,2.623472,2.702146,2.548319,1.507297,2.143807
1142.000000,2.440789,2.523577,3.164790,1.545110,1.609622
1143.000000,2.183075,2.380890,3.223266,1.600656,1.482970
1144.000000,2.040496,2.351142,3.187169,1.708707,1.903019
1145.000000,1.988335,2.373306,3.092652,1.821977,2.018104
1146.000000,1.731277,2.242926,2.830722,1.882204,1.045116
1147.000000,1.558448,2.057122,2.616371,1.911970,0.870217
1148.000000,1.495088,1.901586,2.446944,1.941490,1.205983
1149.000000,1.382211,1.768067,2.396874,1.954075,1.338682
1150.000000,1.204400,1.642979,2.276177,1.982414,1.171191
1151.000000,1.144016,1.486435,2.149153,1.970929,0.786116
1152.000000,1.102800,1.378905,2.006056,2.047855,0.708489
1153.000000,0.829501,1.202777,1.834015,1.983890,-0.180140
1154.000000,0.621920,1.043560,1.734598,1.962600,0.337778
1155.000000,0.377421,0.837608,1.647916,1.921353,0.011062
1156.000000,0.310196,0.786989,1.599360,1.888781,0.569989
1157.000000,0.308679,0.777899,1.536210,1.868604,0.823502
1158.000000,0.620389,0.762949,1.471634,1.841138,1.214788
1159.000000,0.774803,0.707674,1.388414,1.855971,1.011934
1160.000000,0.697689,0.527983,1.244089,1.767375,-0.691728
1161.000000,0.141654,0.252117,1.045027,1.640880,-2.166875
1162.000000,-0.419823,0.017425,0.908750,1.526456,-1.422513
1163.000000,-1.167294,-0.094857,0.782509,1.431376,-1.305238
1164.000000,-1.600461,-0.208166,0.662326,1.387901,-0.374581
1165.000000,-1.744653,-0.372823,0.483384,1.339306,-1.100876
1166.000000,-1.652545,-0.781296,0.334842,1.267362,-1.769168
1167.000000,-1.627243,-1.244540,0.207423,1.182645,-1.266065
1168.000000,-1.341321,-1.672754,0.079342,1.107710,-0.279265
1169.000000,-1.242080,-1.925193,-0.083217,1.022394,-0.067377
1170.000000,-0.766263,-1.691478,-0.215028,0.963705,0.597782
1171.000000,-0.163414,-1.200552,-0.335229,0.890248,0.439780
1172.000000,-0.015053,-1.054160,-0.576138,0.788562,-0.740068
1173.000000,-0.289835,-1.016775,-0.765121,0.656817,-1.228866
1174.000000,-0.520613,-1.077989,-1.025542,0.482960,-0.857906
1175.000000,-0.399232,-0.707253,-0.960670,0.374512,1.111235
1176.000000,0.151045,-0.016126,-0.798830,0.443086,2.188375
1177.000000,0.692018,0.388533,-0.837780,0.450646,0.941082
1178.000000,1.504146,0.700539,-0.876744,0.439359,1.274694
1179.000000,2.120226,1.002006,-0.824237,0.404149,1.340391
1180.000000,2.137382,1.213866,-0.468753,0.402154,1.437692
1181.000000,1.922571,1.491570,0.160473,0.528749,1.600025
1182.000000,2.108576,2.000739,0.724487,0.774658,1.810070
1183.000000,2.106548,2.410055,1.220421,1.343349,1.624392
1184.000000,2.448791,2.835142,1.813904,2.258695,2.851038
1185.000000,2.744200,2.907216,2.437173,3.212666,2.933501
1186.000000,2.799065,2.768367,2.831207,3.459535,2.433897
1187.000000,2.740305,2.731120,2.960219,3.359749,2.175608
1188.000000,2.701628,2.664742,2.931090,3.169870,2.119248
1189.000000,2.521638,2.619490,2.878760,3.050106,2.175777
1190.000000,2.318089,2.557684,2.768687,3.032181,2.047942
1191.000000,2.198054,2.489137,2.671046,3.038002,1.993969
1192.000000,2.093659,2.399353,2.607834,2.937602,1.808988
1193.000000,2.005859,2.331144,2.558042,2.832231,1.766252
1194.000000,1.857815,2.169063,2.470637,2.675973,1.476322
1195.000000,1.734494,2.011431,2.347535,2.570061,1.449963
1196.000000,1.639241,1.909257,2.228189,2.502248,1.519742
1197.000000,1.562165,1.825104,2.157205,2.420717,1.431309
1198.000000,1.491873,1.752279,2.091523,2.329173,1.423189
1199.000000,1.465565,1.671366,2.032682,2.245417,1.352569
1200.000000,1.410162,1.584640,1.971565,2.153261,1.184047
1201.000000,1.335808,1.500861,1.914887,2.079841,1.155403
1202.000000,1.353265,1.472546,1.883958,2.059622,1.519207
1203.000000,1.345916,1.434236,1.852929,2.041188,1.400015
1204.000000,1.286828,1.391813,1.772911,2.001377,1.055907
1205.000000,1.283298,1.361982,1.694659,1.944999,1.156468
1206.000000,1.140262,1.253659,1.597087,1.848204,0.365555
1207.000000,0.930801,1.166254,1.520232,1.789698,0.471942
1208.000000,0.871478,1.140179,1.480169,1.761079,1.189043
1209.000000,0.849887,1.102582,1.428505,1.729843,0.976452
1210.000000,0.862062,1.111216,1.393817,1.712578,1.310850
1211.000000,1.023283,1.104222,1.349765,1.688407,1.060197
1212.000000,1.232410,1.073489,1.324721,1.672151,1.412061
1213.000000,1.216221,1.025946,1.287174,1.650963,1.038023
1214.000000,1.284105,1.032732,1.269842,1.608319,1.185359
1215.000000,1.153800,0.983542,1.237059,1.547769,0.559101
1216.000000,1.056127,1.047509,1.195413,1.496756,0.428697
1217.000000,0.846180,1.108517,1.159751,1.454345,0.472602
1218.000000,0.853032,1.103917,1.138067,1.423311,1.113269
1219.000000,0.834496,1.144081,1.122126,1.389912,1.179284
1220.000000,0.960236,1.112154,1.115434,1.355867,0.979597
1221.000000,0.890728,1.027914,1.084784,1.306095,-0.134613
1222.000000,0.768253,0.850309,1.013634,1.260905,-0.247163
1223.000000,0.115444,0.592083,0.910819,1.197516,-1.518824
1224.000000,-0.833473,0.180490,0.811847,1.137503,-2.158739
1225.000000,-1.723659,-0.175071,0.693245,1.079075,-1.931142
1226.000000,-2.199405,-0.573407,0.652257,1.013110,-1.783400
1227.000000,-2.556083,-1.084207,0.576997,0.942424,-1.910403
1228.000000,-2.456563,-1.677560,0.395965,0.869872,-1.595087
1229.000000,-2.106036,-2.111116,0.232861,0.805178,-1.092649
1230.000000,-1.798949,-2.350376,-0.011813,0.752208,-0.859961
1231.000000,-1.447912,-2.274876,-0.235704,0.707604,-0.418436
1232.000000,-0.969462,-2.088079,-0.519366,0.631361,0.041983
1233.000000,-0.607540,-1.795007,-0.764700,0.546187,-0.118797
1234.000000,-0.341772,-1.448683,-1.033931,0.488965,-0.015852
1235.000000,-0.159443,-1.178475,-1.212234,0.401250,-0.131414
1236.000000,0.156074,-0.791605,-1.229137,0.453140,0.886521
1237.000000,0.404090,-0.353071,-1.201259,0.521772,1.090677
1238.000000,0.897469,0.183679,-1.089411,0.558357,1.907015
1239.000000,1.410239,0.698528,-0.905895,0.689405,2.096533
1240.000000,1.647753,1.004961,-0.844232,0.695618,1.123550
1241.000000,1.638302,1.214849,-0.640984,0.761866,1.023252
1242.000000,1.529066,1.285565,-0.489776,0.687008,0.664807
1243.000000,1.395598,1.458951,-0.061242,0.836099,1.282130
1244.000000,1.313359,1.663218,0.546824,1.099102,1.705572
