0.000000,5.385165,5.385165,5.385165,5.385165,2.350719
1.000000,3.758631,3.746868,3.747664,3.747902,2.005947
2.000000,3.034085,3.013677,3.009880,3.011769,2.269749
3.000000,2.593487,2.562272,2.561445,2.564825,1.696187
4.000000,2.282510,2.251031,2.250340,2.254226,1.657681
5.000000,2.038018,2.020422,2.017581,2.021067,1.920430
6.000000,1.848675,1.840373,1.833211,1.836117,1.956017
7.000000,1.691009,1.693745,1.682737,1.683546,1.983657
8.000000,1.565210,1.572193,1.556139,1.554608,2.005591
9.000000,1.458552,1.465412,1.446711,1.443196,2.005558
10.000000,1.360268,1.363977,1.348764,1.345158,1.720354
11.000000,1.276299,1.277035,1.262066,1.258879,2.002693
12.000000,1.197914,1.196132,1.184569,1.179999,1.767614
13.000000,1.125702,1.125428,1.112438,1.108380,1.729414
14.000000,1.056040,1.059686,1.046495,1.042293,1.517844
15.000000,0.993835,0.997652,0.986170,0.981144,1.503508
16.000000,0.934353,0.940808,0.931500,0.924239,1.679059
17.000000,0.883314,0.888477,0.881268,0.871649,1.859305
18.000000,0.837554,0.839832,0.835344,0.822447,1.981222
19.000000,0.796939,0.793271,0.790597,0.775366,1.925040
20.000000,0.754754,0.748326,0.743433,0.728789,1.625994
21.000000,0.716078,0.705303,0.699991,0.684393,1.824529
22.000000,0.668641,0.661522,0.655405,0.641238,1.390973
23.000000,0.619331,0.619151,0.614103,0.598160,1.368129
24.000000,0.574362,0.581834,0.575686,0.557964,1.525002
25.000000,0.533583,0.545941,0.538198,0.520042,1.411160
26.000000,0.487417,0.511198,0.503822,0.486193,1.352890
27.000000,0.458121,0.482584,0.477886,0.461097,1.394691
28.000000,0.459673,0.482965,0.484522,0.469558,1.517989
29.000000,1.423376,1.519544,1.688513,1.833232,1.305211
30.000000,1.338135,1.453816,1.648593,1.782967,0.958512
31.000000,1.274356,1.372140,1.601347,1.746528,1.028742
32.000000,1.238239,1.355396,1.575158,1.711101,1.250661
33.000000,1.132738,1.323165,1.541834,1.686050,1.027399
34.000000,1.020103,1.247587,1.508175,1.655666,0.731664
35.000000,1.113100,1.243374,1.504470,1.640778,1.443927
36.000000,1.026986,1.169929,1.458025,1.601351,0.527014
37.000000,0.951885,1.118306,1.415881,1.572062,0.891421
38.000000,1.015982,1.089984,1.382407,1.554035,1.376430
39.000000,1.149921,1.086143,1.348322,1.534680,1.346573
40.000000,1.127984,1.129387,1.331559,1.524569,1.390374
41.000000,1.423659,1.210868,1.318152,1.516128,1.882847
42.000000,1.646112,1.273446,1.334069,1.515560,1.899286
43.000000,1.747847,1.365611,1.351265,1.514506,1.824051
44.000000,1.823609,1.483806,1.351684,1.516944,1.650300
45.000000,2.010350,1.573849,1.384978,1.533679,2.273740
46.000000,2.064702,1.772703,1.420881,1.541072,2.118196
47.000000,2.072658,1.905361,1.449215,1.536962,1.918748
48.000000,2.127252,1.993966,1.479485,1.531858,2.100721
49.000000,2.266321,2.111595,1.544186,1.537239,2.368991
50.000000,2.292253,2.221266,1.645521,1.561077,2.420233
51.000000,2.115261,2.141463,1.684109,1.544281,1.399607
52.000000,2.019278,2.078821,1.714120,1.553004,1.518445
53.000000,1.968346,2.064820,1.777991,1.575412,1.840704
54.000000,1.778296,2.016988,1.829372,1.575634,1.422696
55.000000,1.610214,1.940564,1.839305,1.587848,1.589374
56.000000,1.622717,1.871864,1.893058,1.598758,1.482900
57.000000,1.655832,1.847168,1.929600,1.614548,1.688285
58.000000,1.618621,1.803759,1.931461,1.621844,1.653735
59.000000,1.628745,1.718343,1.922498,1.632419,1.498939
60.000000,1.562179,1.602201,1.897733,1.649918,1.282822
61.000000,1.480028,1.564068,1.840970,1.655322,1.086509
62.000000,1.262285,1.467154,1.759482,1.631182,0.582709
63.000000,1.156767,1.398691,1.719095,1.639167,1.134618
64.000000,1.078346,1.370979,1.690197,1.658269,1.135154
65.000000,1.200123,1.401538,1.679438,1.676335,1.887081
66.000000,1.238980,1.379375,1.641464,1.703368,1.261753
67.000000,1.529895,1.400086,1.646317,1.739517,1.964638
68.000000,1.703984,1.424849,1.641728,1.756813,1.942799
69.000000,1.828430,1.447088,1.611287,1.766047,1.713014
70.000000,1.650838,1.425921,1.540112,1.748798,0.961141
71.000000,1.800804,1.521907,1.564665,1.749177,1.941425
72.000000,1.611384,1.589794,1.540852,1.718935,1.005600
73.000000,1.426737,1.597298,1.502311,1.693523,1.033520
74.000000,1.541370,1.721578,1.540510,1.712106,2.239077
75.000000,1.796737,1.747896,1.565421,1.709592,2.088392
76.000000,1.958712,1.907361,1.625522,1.730186,2.559959
77.000000,2.231355,1.952439,1.661466,1.745949,2.248499
78.000000,2.406886,1.975620,1.691898,1.749399,2.054345
79.000000,2.266969,1.976245,1.712114,1.729638,1.707489
80.000000,2.172873,2.047823,1.746577,1.707325,1.755685
81.000000,2.038031,2.041775,1.803068,1.727439,1.930704
82.000000,1.761127,2.002996,1.824179,1.703619,0.940332
83.000000,1.655414,2.027952,1.846963,1.692759,1.536155
84.000000,1.868924,2.084692,1.940355,1.745766,2.607013
85.000000,1.980140,2.101244,1.964410,1.776245,2.210722
86.000000,2.105746,2.104558,2.035735,1.822926,2.416902
87.000000,2.266867,2.069851,2.032096,1.837089,1.937674
88.000000,2.230271,2.008480,2.001839,1.833706,1.589250
89.000000,2.133660,2.047250,2.023071,1.864162,2.105010
90.000000,1.989777,2.009510,2.027355,1.869739,1.551875
91.000000,1.886567,2.002346,2.019430,1.898977,1.886375
92.000000,1.828830,2.042889,2.028590,1.929324,1.675177
93.000000,1.785689,2.007060,2.015927,1.925559,1.412447
94.000000,1.703350,1.922046,1.985892,1.935327,1.698395
95.000000,1.724400,1.867347,1.960008,1.921082,1.666884
96.000000,1.640278,1.774261,1.907431,1.915398,1.487404
97.000000,1.452366,1.650652,1.823808,1.858040,0.754044
98.000000,1.230563,1.520173,1.727559,1.786129,0.280486
99.000000,0.907284,1.322974,1.641527,1.718669,0.053667
100.000000,0.589225,1.193754,1.567822,1.679854,0.112775
101.000000,0.182648,0.974913,1.466813,1.604554,-0.439532
102.000000,0.003200,0.813795,1.432317,1.573955,-0.042822
103.000000,-0.116157,0.658916,1.373347,1.542353,-0.267352
104.000000,-0.154248,0.471558,1.277303,1.495794,-0.083130
105.000000,-0.241481,0.250406,1.190121,1.451355,-0.243044
106.000000,-0.315460,-0.029047,1.059255,1.377851,-0.857678
107.000000,-0.398911,-0.180163,0.968989,1.328274,-0.363380
108.000000,-0.321461,-0.223822,0.916596,1.299208,0.133241
109.000000,-0.235810,-0.211301,0.832516,1.288674,0.376077
110.000000,-0.197445,-0.251983,0.762234,1.266481,-0.054409
111.000000,-0.173546,-0.292116,0.617092,1.216622,-0.860760
112.000000,-0.103670,-0.318999,0.512536,1.228398,-0.078313
113.000000,-0.205347,-0.328918,0.410303,1.220337,-0.253648
114.000000,-0.358745,-0.357463,0.259461,1.166678,-0.140011
115.000000,-0.116420,-0.207676,0.138394,1.155583,0.997498
116.000000,-0.007529,-0.132519,-0.090087,1.074681,-0.559551
117.000000,-0.681142,-0.477810,-0.428321,0.933737,-2.502448
118.000000,-1.189948,-0.878888,-0.746999,0.811167,-2.008089
119.000000,-1.546382,-1.216367,-1.045312,0.639712,-1.521921
120.000000,-1.925355,-1.342621,-1.324648,0.512978,-0.935938
121.000000,-1.781069,-1.205072,-1.393479,0.357404,-0.223057
122.000000,-1.025303,-1.060865,-1.361490,0.247713,0.715202
123.000000,-0.322452,-0.894366,-1.215646,0.151210,0.846441
124.000000,0.257259,-0.788064,-1.103833,-0.043782,0.680582
125.000000,0.808159,-0.822614,-0.919087,-0.276727,0.991295
126.000000,1.342309,-0.564228,-0.574229,-0.479870,1.545022
127.000000,1.800894,0.255611,-0.236037,-0.473712,2.125523
128.000000,2.159141,1.200984,0.019535,-0.335974,1.984387
129.000000,2.654268,2.319341,0.403942,0.070000,2.710332
130.000000,2.855373,3.057066,0.894141,0.577189,2.553509
131.000000,3.039296,3.357783,1.656814,1.517949,3.036739
132.000000,2.981537,3.248670,2.176090,2.224050,2.588352
133.000000,3.013017,3.173168,2.657085,2.832415,2.785781
134.000000,2.758501,2.985380,2.787336,2.962264,1.994101
135.000000,2.576391,2.834058,2.755047,2.993361,1.960163
136.000000,2.358141,2.712802,2.787540,3.020073,1.994645
137.000000,2.127864,2.534420,2.808851,2.886173,1.527899
138.000000,1.832400,2.380648,2.744451,2.717385,1.343281
139.000000,1.658067,2.194813,2.635167,2.552561,1.177592
140.000000,1.405908,1.992952,2.475624,2.394392,0.739191
141.000000,1.205026,1.803518,2.348465,2.328631,1.000936
142.000000,1.099618,1.654036,2.218715,2.238513,1.013179
143.000000,1.002551,1.466658,2.102125,2.154123,0.875930
144.000000,0.946812,1.356646,2.018664,2.082762,0.910547
145.000000,0.992890,1.254729,1.949439,1.996486,0.964780
146.000000,1.109666,1.212738,1.925632,2.007924,1.546682
147.000000,1.200095,1.204735,1.886121,2.054980,1.468300
148.000000,1.287380,1.198558,1.844808,2.066518,1.336201
149.000000,1.314354,1.180612,1.769108,2.043568,1.052382
150.000000,1.287518,1.182849,1.685646,1.993723,0.747342
151.000000,1.103371,1.144413,1.576192,1.930460,0.582256
152.000000,0.872546,1.084491,1.471225,1.849847,0.304563
153.000000,0.683603,1.056847,1.359132,1.787834,0.466298
154.000000,0.491828,1.003849,1.273091,1.732701,0.133177
155.000000,0.213867,0.888918,1.159824,1.663916,-0.720146
156.000000,-0.182238,0.628478,1.020134,1.586228,-1.459133
157.000000,-0.628064,0.316891,0.898574,1.504582,-1.763854
158.000000,-1.346151,-0.091075,0.765450,1.419968,-2.357878
159.000000,-1.934979,-0.502949,0.650368,1.331802,-1.883066
160.000000,-2.350304,-1.019070,0.536997,1.230269,-2.283599
161.000000,-2.463349,-1.593865,0.377726,1.096260,-2.204277
162.000000,-2.400174,-2.087628,0.196861,0.966825,-1.935582
163.000000,-2.240477,-2.474383,-0.013604,0.798107,-1.951526
164.000000,-2.257664,-2.672919,-0.307337,0.628661,-2.197246
165.000000,-2.135293,-2.599891,-0.650246,0.448556,-1.826078
166.000000,-1.982191,-2.421567,-1.119765,0.246621,-1.564771
167.000000,-1.942147,-2.299815,-1.631903,0.026825,-1.794978
168.000000,-1.945419,-2.201320,-2.089974,-0.236100,-1.981789
169.000000,-1.823506,-2.117373,-2.336754,-0.501672,-1.624896
170.000000,-1.794265,-2.034760,-2.449488,-0.778243,-1.716389
171.000000,-1.796020,-1.957044,-2.462357,-1.107067,-1.637776
172.000000,-1.658159,-1.850768,-2.375746,-1.401849,-1.169878
173.000000,-1.433786,-1.720709,-2.276357,-1.637673,-0.879844
174.000000,-1.287337,-1.582336,-2.173015,-1.843539,-0.897547
175.000000,-1.134908,-1.488471,-2.056575,-2.010953,-0.946954
176.000000,-0.958357,-1.403596,-1.927784,-2.144386,-0.773133
177.000000,-0.897915,-1.313904,-1.825747,-2.200294,-0.896412
178.000000,-0.867867,-1.189877,-1.717886,-2.184145,-0.733038
179.000000,-0.698843,-1.033845,-1.603710,-2.087475,0.050596
180.000000,-0.498467,-0.863440,-1.489831,-1.984826,0.115132
181.000000,-0.364939,-0.712720,-1.397600,-1.903827,-0.116085
182.000000,-0.075925,-0.564003,-1.297104,-1.803353,0.505667
183.000000,0.187041,-0.452743,-1.205444,-1.735506,0.443076
184.000000,0.264810,-0.333555,-1.105014,-1.673807,0.429329
185.000000,0.457693,-0.142432,-1.001717,-1.583968,1.140660
186.000000,0.714936,0.035988,-0.917689,-1.498316,0.916479
187.000000,0.860101,0.283150,-0.809648,-1.417628,1.098150
188.000000,1.074849,0.561070,-0.669365,-1.328660,1.291761
189.000000,1.198520,0.694629,-0.555408,-1.273277,0.850108
190.000000,1.027939,0.783913,-0.433461,-1.220097,0.334712
191.000000,0.781207,0.861784,-0.316045,-1.179420,-0.228238
192.000000,0.278879,0.707826,-0.263240,-1.169326,-1.116833
193.000000,-0.411679,0.468900,-0.257210,-1.167768,-1.543152
194.000000,-0.863038,0.269503,-0.221298,-1.133402,-1.026123
195.000000,-0.886686,0.120757,-0.093301,-1.077837,0.179862
196.000000,-0.696327,0.063189,0.068324,-1.021290,0.543786
197.000000,-0.413562,-0.088004,0.271200,-0.954412,0.105344
198.000000,-0.184642,-0.374688,0.428827,-0.879910,-0.585904
199.000000,0.052278,-0.506392,0.492890,-0.800877,-0.053315
200.000000,0.264878,-0.396811,0.693084,-0.645578,1.119695
201.000000,0.642265,-0.063036,1.105444,-0.414911,2.119412
202.000000,1.120425,0.387037,1.315277,-0.202951,1.850906
203.000000,1.870927,1.008663,1.571087,0.052393,2.200086
204.000000,2.352122,1.534226,1.765654,0.389685,2.045133
205.000000,2.410758,1.806456,1.780580,0.825205,1.741058
206.000000,2.360439,2.091836,1.907139,1.372046,2.124250
207.000000,2.320248,2.369576,1.987006,1.935192,1.927635
208.000000,2.203752,2.627516,2.040953,2.318074,1.831534
209.000000,1.971945,2.620912,2.058169,2.344964,1.182930
210.000000,1.710220,2.406520,2.059886,2.251729,0.685604
211.000000,1.378859,2.134867,2.115381,2.167959,0.635895
212.000000,1.182336,1.977496,2.285685,2.057799,1.026532
213.000000,1.128745,1.870979,2.508947,2.024113,1.544314
214.000000,1.178896,1.767046,2.592426,1.989603,1.393799
215.000000,1.121109,1.582645,2.448783,1.844979,0.477046
216.000000,1.109200,1.388851,2.323878,1.755643,0.624976
217.000000,1.144089,1.297677,2.296875,1.720387,1.182980
218.000000,0.985633,1.171109,2.259613,1.652302,0.809174
219.000000,0.807485,1.091311,2.169177,1.601923,0.578701
220.000000,0.802230,1.055839,2.023644,1.575882,0.467459
221.000000,0.787582,1.039382,1.862645,1.587620,0.567151
222.000000,0.588052,0.947477,1.715865,1.620869,0.257876
223.000000,0.493165,0.811217,1.576739,1.685359,0.379256
224.000000,0.400849,0.664539,1.441564,1.713396,0.102686
225.000000,0.391833,0.660199,1.351012,1.709047,0.445170
226.000000,0.379129,0.650505,1.243116,1.701783,0.575497
227.000000,0.343880,0.517056,1.119359,1.695739,-0.017035
228.000000,0.167105,0.390812,0.981152,1.707210,-0.639151
229.000000,-0.059063,0.253405,0.875790,1.690835,-1.420527
230.000000,-0.595438,0.077346,0.796751,1.621163,-1.957622
231.000000,-1.541341,-0.210141,0.707259,1.501846,-2.142974
232.000000,-2.285422,-0.456676,0.606674,1.415562,-1.318606
233.000000,-2.295732,-0.728956,0.471925,1.327363,-0.514826
234.000000,-1.939296,-0.990286,0.329519,1.237304,-0.552914
235.000000,-0.992217,-1.124786,0.353962,1.210638,1.192508
236.000000,-0.104562,-1.349269,0.343248,1.132731,0.809628
237.000000,0.047282,-1.595403,0.160436,1.001621,-0.833256
238.000000,-0.585255,-1.861780,-0.101568,0.804308,-2.380614
239.000000,-1.224365,-1.943501,-0.386725,0.648116,-2.162620
240.000000,-2.022383,-1.781561,-0.656537,0.564224,-1.233184
241.000000,-2.059577,-1.317666,-0.892563,0.544339,0.205307
242.000000,-1.699434,-1.055284,-1.104731,0.475416,0.092813
243.000000,-0.541564,-0.684417,-1.139381,0.398623,1.442176
244.000000,0.152708,-0.606334,-1.216411,0.241712,-0.003407
245.000000,1.028781,-0.555064,-1.147641,0.280040,1.463637
246.000000,1.558709,-0.299670,-1.014083,0.335070,1.840749
247.000000,2.273631,0.506281,-0.622168,0.354947,2.413570
248.000000,2.285189,1.511265,-0.224459,0.403286,1.752889
249.000000,2.524107,2.315779,0.235759,0.512739,1.587237
250.000000,2.398993,2.703153,0.768913,0.698440,1.541734
251.000000,2.230294,2.728543,1.361665,0.935329,1.550755
252.000000,1.688461,2.521393,1.606882,1.117395,0.384648
253.000000,1.395720,2.222187,1.767842,1.296546,0.610449
254.000000,1.196083,2.174764,1.925134,1.571740,0.779262
255.000000,1.184067,2.085155,1.978696,1.850376,1.466636
256.000000,1.164922,1.967191,2.051579,2.000982,1.451099
257.000000,1.476949,1.839685,2.276764,2.289256,1.696959
258.000000,1.866135,1.898590,2.619525,2.685470,2.273043
259.000000,1.925321,1.818220,2.672343,2.773389,1.315529
260.000000,2.013786,1.856454,2.690652,2.916487,2.002715
261.000000,2.072368,1.870528,2.580144,2.939496,1.868303
262.000000,2.122393,2.021938,2.513415,2.882146,2.020453
263.000000,1.883750,2.024050,2.329911,2.695037,1.257022
264.000000,1.925204,2.054061,2.284764,2.588714,1.599268
265.000000,1.842063,2.032213,2.195891,2.441917,1.683826
266.000000,1.730159,1.984266,2.086604,2.322747,1.417815
267.000000,1.426479,1.832155,1.915505,2.219875,0.640346
268.000000,1.266637,1.630497,1.792037,2.181550,0.506591
269.000000,1.049914,1.544657,1.697861,2.149460,0.542704
270.000000,0.805109,1.396312,1.619098,2.091162,0.540388
271.000000,0.819330,1.368015,1.611646,2.051958,1.681479
272.000000,1.070760,1.325760,1.662496,2.026026,1.764040
273.000000,0.992173,1.199101,1.608101,1.891929,-0.054599
274.000000,0.811891,0.993671,1.537555,1.808080,-0.509727
275.000000,0.589994,0.752183,1.441122,1.696147,-0.630598
276.000000,0.158836,0.574002,1.377861,1.606055,-0.108923
277.000000,-0.147851,0.588464,1.340726,1.537971,0.714346
278.000000,0.139882,0.675877,1.285894,1.510513,1.131159
279.000000,0.779697,0.871041,1.330623,1.521698,1.919370
280.000000,1.163853,0.937800,1.272670,1.493874,0.851765
281.000000,1.638596,0.968050,1.272904,1.505430,1.785091
282.000000,2.010815,1.061023,1.288251,1.578192,2.244502
283.000000,2.363892,1.526099,1.395838,1.662892,2.621247
284.000000,2.342058,1.915849,1.435519,1.710248,1.895303
285.000000,2.652809,2.349808,1.518122,1.760371,2.387855
286.000000,2.642108,2.574708,1.611578,1.797918,1.998504
287.000000,2.460501,2.616793,1.762309,1.812873,1.696055
288.000000,2.177473,2.567038,1.900007,1.793100,1.561023
289.000000,2.021789,2.418486,1.997946,1.805135,1.348545
290.000000,1.773557,2.382440,2.069411,1.781986,1.335747
291.000000,1.654843,2.279918,2.060394,1.771283,1.506191
292.000000,1.524551,2.097998,2.003764,1.729836,1.166105
293.000000,1.586502,1.987626,2.129326,1.765869,1.845302
294.000000,1.601597,1.908474,2.204718,1.759763,1.471522
295.000000,1.533484,1.739570,2.221361,1.726450,1.095246
296.000000,1.351457,1.572192,2.166474,1.685047,0.698264
297.000000,1.196585,1.418977,2.066666,1.673313,0.452684
298.000000,0.867529,1.269699,1.953869,1.657448,0.269617
299.000000,0.693857,1.194207,1.850052,1.660412,0.671213
300.000000,0.682253,1.166338,1.833525,1.682273,1.077857
301.000000,0.893572,1.185290,1.813739,1.687654,1.650078
302.000000,1.187115,1.252025,1.778396,1.692521,1.721677
303.000000,1.529290,1.252803,1.731928,1.768301,1.823474
304.000000,1.580430,1.193766,1.665271,1.800753,0.955943
305.000000,1.489602,1.147012,1.558220,1.816929,0.607735
306.000000,1.204522,1.108856,1.451212,1.798700,0.072912
307.000000,0.828607,1.081307,1.353112,1.753805,-0.262456
308.000000,0.420901,1.120530,1.287437,1.719206,0.179729
309.000000,0.104240,1.070424,1.215623,1.649378,-0.331037
310.000000,-0.117035,0.986242,1.157411,1.628392,-0.176575
311.000000,-0.250913,0.784590,1.081491,1.575440,-0.427652
312.000000,0.122499,0.678427,1.089464,1.549413,1.289703
313.000000,0.503421,0.541192,1.055211,1.511032,1.553621
314.000000,1.132971,0.615582,1.051831,1.500686,1.587988
315.000000,1.593939,0.783287,1.073847,1.458260,1.355826
316.000000,1.840509,1.002557,1.106070,1.408816,0.679679
317.000000,1.401302,1.145766,1.121802,1.345719,-0.203007
318.000000,1.144829,1.341435,1.201782,1.314110,0.621513
319.000000,1.018759,1.793613,1.276401,1.308039,1.116661
320.000000,0.735463,1.943985,1.266994,1.279190,0.338487
321.000000,0.403081,1.901622,1.134125,1.213403,-0.501167
322.000000,0.773801,1.846662,1.086472,1.220365,1.029539
323.000000,1.070527,1.845997,1.049006,1.199790,1.592600
324.000000,1.306228,1.885304,1.186119,1.215257,1.846668
325.000000,1.470013,1.768340,1.296669,1.225585,0.979250
326.000000,1.703728,1.723049,1.441090,1.255242,0.579178
327.000000,1.656149,1.958556,1.678769,1.329910,1.020545
328.000000,1.456038,1.990129,1.830505,1.419867,0.854013
329.000000,1.297778,2.007246,2.087008,1.502685,1.260425
330.000000,1.297382,2.091763,2.212673,1.537836,0.894521
331.000000,1.376336,2.267742,2.288977,1.517444,0.876536
332.000000,1.078481,1.978884,2.075848,1.435391,0.056963
333.000000,0.912404,1.662937,1.871568,1.327019,0.310380
334.000000,0.670231,1.332054,1.687915,1.311927,0.375702
335.000000,0.524194,1.185875,1.546484,1.326872,0.368110
336.000000,0.608053,1.270757,1.573020,1.445995,1.292328
337.000000,0.647002,1.107521,1.592873,1.519372,0.227522
338.000000,0.903965,1.148042,1.625309,1.609925,1.361994
339.000000,0.796822,0.895071,1.486634,1.644456,-0.273864
340.000000,0.392458,0.547379,1.347775,1.588990,-1.573532
341.000000,-0.328854,0.259114,1.341679,1.578751,-1.224999
342.000000,-1.206645,-0.058662,1.091094,1.389257,-2.263729
343.000000,-2.667712,-0.590430,0.707193,1.135585,-2.629355
344.000000,-3.032541,-1.204583,0.243533,0.864261,-2.349813
345.000000,-2.803827,-1.740757,-0.107867,0.624903,-1.822154
346.000000,-2.744946,-2.386121,-0.465042,0.407549,-1.907865
347.000000,-2.548663,-2.664425,-0.935402,0.237066,-1.969642
348.000000,-2.270201,-2.878952,-1.341791,-0.028183,-1.721075
349.000000,-1.940060,-2.686396,-1.659641,-0.310421,-1.109988
350.000000,-1.670197,-2.379385,-1.830073,-0.484271,-0.751767
351.000000,-1.238562,-2.087618,-1.874225,-0.458413,0.013547
352.000000,-0.812350,-1.773602,-1.825425,-0.649022,-0.023170
353.000000,-0.473810,-1.477791,-1.829948,-0.997389,-0.214276
354.000000,-0.143637,-1.149414,-1.753651,-1.320725,0.371048
355.000000,0.042190,-0.925195,-1.710465,-1.536351,0.059414
356.000000,0.058619,-0.685045,-1.740013,-1.635485,0.087581
357.000000,0.185812,-0.374817,-1.620167,-1.675302,0.555473
358.000000,0.729027,0.124599,-1.441651,-1.378494,2.092616
359.000000,1.111786,0.541955,-1.176135,-1.177712,1.924832
360.000000,1.492867,0.889151,-0.869457,-0.973824,1.676160
361.000000,1.769238,1.100829,-0.635171,-0.826172,1.397734
362.000000,1.735210,1.197603,-0.414264,-0.710725,0.604410
363.000000,1.419382,1.322734,-0.122559,-0.614771,0.700720
364.000000,1.205224,1.396534,0.212666,-0.477551,0.963925
365.000000,1.172065,1.573916,0.596775,-0.225046,1.501149
366.000000,1.222041,1.741573,1.027315,-0.073811,1.592358
367.000000,1.617865,1.939452,1.585466,0.432268,2.284593
368.000000,1.961991,1.960677,2.085142,0.856510,2.272220
369.000000,2.111246,1.936480,2.364048,1.447284,1.879521
370.000000,2.069945,1.890320,2.475132,2.082312,1.583853
371.000000,1.971878,1.842466,2.450716,2.517774,1.358820
372.000000,1.796383,1.886108,2.420439,2.880262,1.504412
373.000000,1.594187,1.882140,2.358203,3.005120,1.307627
374.000000,1.505446,1.872963,2.274124,3.002368,1.463454
375.000000,1.567233,1.873433,2.252716,2.962808,1.884844
376.000000,1.611212,1.837572,2.199122,2.865026,1.581700
377.000000,1.440879,1.650948,2.062843,2.687389,0.631953
378.000000,1.212665,1.430285,1.854190,2.499064,0.044557
379.000000,0.920721,1.244212,1.681787,2.321968,-0.119794
380.000000,0.504356,1.096480,1.549711,2.174724,-0.080401
381.000000,0.028063,0.936637,1.427127,2.002494,-0.487118
382.000000,-0.222813,0.757902,1.357899,1.872126,-0.416941
383.000000,-0.539261,0.500350,1.248115,1.730134,-1.377661
384.000000,-0.900513,0.157935,1.121553,1.577922,-1.644705
385.000000,-1.319168,-0.328242,0.966827,1.451623,-1.795150
386.000000,-1.629694,-0.832019,0.812637,1.342093,-1.741780
387.000000,-2.083315,-1.313787,0.559536,1.187985,-2.349315
388.000000,-2.028025,-1.550444,0.338686,1.031573,-1.348659
389.000000,-1.938480,-1.743861,0.100209,0.873188,-1.458366
390.000000,-1.865907,-1.921731,-0.170321,0.707693,-1.617585
391.000000,-1.873279,-2.046927,-0.495280,0.524754,-1.853005
392.000000,-1.762724,-2.143243,-0.891837,0.365868,-1.822626
393.000000,-1.907573,-2.165093,-1.350344,0.151964,-2.079029
394.000000,-1.836330,-2.048669,-1.731092,-0.026772,-1.285007
395.000000,-1.775148,-1.955698,-2.125835,-0.287069,-1.422876
396.000000,-1.809626,-1.961928,-2.447659,-0.683468,-2.006489
397.000000,-1.967628,-1.991602,-2.606363,-1.289529,-2.496081
398.000000,-2.008143,-2.059784,-2.602516,-1.890235,-2.234306
399.000000,-2.107258,-2.067008,-2.530252,-2.329698,-1.924761
400.000000,-2.200754,-2.079281,-2.477316,-2.617154,-2.049440
401.000000,-2.215572,-2.087683,-2.423475,-2.759096,-2.138104
402.000000,-2.074871,-2.059036,-2.351055,-2.763722,-1.814326
403.000000,-1.894800,-1.965200,-2.226867,-2.663905,-1.372724
404.000000,-1.773975,-1.938175,-2.118946,-2.567775,-1.334482
405.000000,-1.661398,-1.922235,-2.039085,-2.506165,-1.471219
406.000000,-1.516074,-1.862327,-1.973576,-2.428415,-1.417337
407.000000,-1.391447,-1.742353,-1.888570,-2.314912,-1.205729
408.000000,-1.342601,-1.637341,-1.839457,-2.203320,-1.122639
409.000000,-1.297652,-1.559932,-1.793084,-2.110501,-1.104585
410.000000,-1.148111,-1.434592,-1.728228,-2.019293,-0.718295
411.000000,-1.008350,-1.295271,-1.664353,-1.937257,-0.719615
412.000000,-0.876947,-1.170580,-1.601653,-1.865293,-0.534934
413.000000,-0.753446,-1.091567,-1.535211,-1.788282,-0.511216
414.000000,-0.582479,-0.994510,-1.494838,-1.711392,-0.279776
415.000000,-0.516990,-0.887213,-1.459500,-1.648560,-0.401729
416.000000,-0.395704,-0.758714,-1.392748,-1.589109,-0.127845
417.000000,-0.311321,-0.649033,-1.299543,-1.524210,-0.123936
418.000000,-0.174830,-0.519826,-1.205717,-1.479757,0.164713
419.000000,-0.130147,-0.403823,-1.135296,-1.445208,-0.069568
420.000000,-0.044351,-0.331535,-1.051853,-1.411021,-0.035459
421.000000,-0.024386,-0.254279,-0.953562,-1.375167,-0.054103
422.000000,0.121761,-0.144443,-0.848686,-1.331314,0.625249
423.000000,0.157360,-0.046768,-0.779179,-1.288063,0.366358
424.000000,0.143751,-0.027790,-0.729558,-1.287341,-0.305856
425.000000,0.051889,-0.010359,-0.673969,-1.293124,-0.775361
426.000000,0.095346,0.018994,-0.595501,-1.268370,0.083763
427.000000,-0.575436,-0.130945,-0.586349,-1.245336,-2.069276
428.000000,-1.264662,-0.399421,-0.583703,-1.226054,-1.874205
429.000000,-1.702363,-0.709546,-0.590501,-1.221529,-1.896122
430.000000,-1.928254,-1.098673,-0.658668,-1.204747,-1.854851
431.000000,-2.228092,-1.458700,-0.736409,-1.168606,-1.757732
432.000000,-2.124826,-1.913499,-0.871885,-1.151263,-1.868541
433.000000,-2.145934,-2.254705,-1.083403,-1.181152,-2.172182
434.000000,-2.237839,-2.422647,-1.439176,-1.233154,-2.436117
435.000000,-2.290012,-2.477879,-1.823571,-1.274422,-2.277472
436.000000,-2.386958,-2.605980,-2.288857,-1.334346,-2.397152
437.000000,-2.416594,-2.524830,-2.668171,-1.417625,-2.245480
438.000000,-2.340716,-2.439835,-2.878641,-1.502614,-2.000151
439.000000,-2.294859,-2.410774,-2.933862,-1.613430,-2.247967
440.000000,-2.253412,-2.373464,-2.899547,-1.760934,-2.147868
441.000000,-2.157811,-2.327149,-2.811610,-1.886937,-1.969674
442.000000,-1.984360,-2.217122,-2.705188,-1.968961,-1.463587
443.000000,-1.825677,-2.082596,-2.572924,-2.018042,-1.258196
444.000000,-1.633361,-1.948058,-2.430989,-2.070261,-1.250602
445.000000,-1.309449,-1.756199,-2.240875,-2.035491,-0.493164
446.000000,-1.180192,-1.660531,-2.177545,-2.078224,-1.303945
447.000000,-1.153739,-1.579910,-2.072975,-2.108099,-1.323831
448.000000,-1.137141,-1.504265,-1.979070,-2.125528,-1.171909
449.000000,-0.992471,-1.341599,-1.856019,-2.072549,-0.513297
450.000000,-1.049009,-1.206002,-1.766423,-2.034437,-0.726105
451.000000,-0.831566,-1.032942,-1.665937,-1.965659,-0.184869
452.000000,-0.627260,-0.925454,-1.586433,-1.935497,-0.326840
453.000000,-0.320484,-0.783145,-1.476117,-1.869576,0.366318
454.000000,0.023939,-0.559429,-1.325203,-1.753491,1.308016
455.000000,0.504505,-0.401183,-1.179790,-1.636382,1.487113
456.000000,0.996489,-0.077532,-1.012612,-1.535231,1.949525
457.000000,1.475842,0.266830,-0.858972,-1.417217,1.585485
458.000000,1.810935,0.663901,-0.694463,-1.300876,1.797965
459.000000,2.031129,1.077624,-0.459217,-1.160251,2.297592
460.000000,2.151240,1.536387,-0.196229,-1.024619,2.126965
461.000000,2.280870,1.974914,0.146910,-0.856940,2.543807
462.000000,2.394141,2.319135,0.499034,-0.680118,2.308885
463.000000,2.372891,2.435302,0.864863,-0.487969,1.985213
464.000000,2.297918,2.430552,1.290336,-0.233912,2.078288
465.000000,2.325886,2.444913,1.700482,0.108328,2.356282
466.000000,2.169202,2.348776,2.079276,0.476508,1.853226
467.000000,2.073654,2.296995,2.362281,0.915782,1.880709
468.000000,2.016321,2.227648,2.500786,1.379738,1.771476
469.000000,1.905743,2.113661,2.486955,1.837249,1.568122
470.000000,1.681303,1.988115,2.419862,2.166304,1.228948
471.000000,1.461206,1.798214,2.279108,2.317395,0.741850
472.000000,1.198243,1.621781,2.152002,2.331339,0.524475
473.000000,0.977155,1.497340,2.033658,2.307705,0.657831
474.000000,0.776420,1.364198,1.904797,2.256390,0.593360
475.000000,0.609085,1.185801,1.786041,2.145212,0.431224
476.000000,0.554738,1.057741,1.681061,2.093817,0.479937
477.000000,0.532040,0.914063,1.599335,2.040590,0.400601
478.000000,0.463113,0.765948,1.520293,1.981342,0.315620
479.000000,0.406751,0.631684,1.434615,1.904270,0.323695
480.000000,0.389828,0.532257,1.362747,1.850702,0.341766
481.000000,0.301099,0.464059,1.264184,1.776481,0.009589
482.000000,0.162593,0.395296,1.164402,1.712340,-0.368091
483.000000,0.096245,0.331206,1.093213,1.655036,0.009042
484.000000,0.002493,0.263893,1.010796,1.583992,-0.073886
485.000000,-0.152799,0.196693,0.893870,1.516843,-0.315078
486.000000,-0.258161,0.100367,0.795229,1.449309,-0.448922
487.000000,-0.359181,-0.034336,0.669020,1.391825,-0.931323
488.000000,-0.483954,-0.136097,0.548970,1.347393,-0.445217
489.000000,-0.892592,-0.396488,0.383440,1.264099,-1.803822
490.000000,-1.231170,-0.707115,0.229945,1.191440,-1.604119
491.000000,-1.739317,-1.130291,0.059964,1.073865,-2.402660
492.000000,-2.187474,-1.596255,-0.161147,0.934858,-2.746979
493.000000,-2.538352,-2.053928,-0.459113,0.797513,-2.435090
494.000000,-2.448878,-2.278587,-0.786327,0.649235,-1.865925
495.000000,-2.227717,-2.221244,-1.072880,0.483267,-0.996727
496.000000,-1.927120,-2.138509,-1.397814,0.320716,-0.988120
497.000000,-1.532407,-1.999909,-1.655467,0.124386,-0.770547
498.000000,-1.109661,-1.899242,-1.774534,-0.089194,-0.362576
499.000000,-0.711063,-1.685747,-1.786929,-0.305335,0.048829
500.000000,-0.404457,-1.487177,-1.719741,-0.487864,0.549575
501.000000,0.201484,-1.094219,-1.514968,-0.549555,1.712210
502.000000,0.555219,-0.731451,-1.377627,-0.654167,0.579076
503.000000,0.597104,-0.448258,-1.359267,-0.854178,-0.307224
504.000000,0.547307,-0.192286,-1.331944,-1.043461,-0.207018
505.000000,0.184037,-0.167025,-1.351209,-1.268960,-1.021935
506.000000,-0.649659,-0.245482,-1.416989,-1.530052,-1.702305
507.000000,-1.133941,-0.335040,-1.438930,-1.693913,-1.386237
508.000000,-1.291240,-0.444235,-1.473098,-1.755876,-0.974588
509.000000,-1.746105,-0.838720,-1.527552,-1.876749,-2.129344
510.000000,-1.968502,-1.301331,-1.601154,-1.955480,-2.027256
511.000000,-1.857794,-1.778036,-1.562001,-1.931267,-1.315668
512.000000,-1.707824,-1.953844,-1.440227,-1.853581,-0.829349
513.000000,-1.671027,-1.996132,-1.338625,-1.826562,-0.890593
514.000000,-1.281464,-1.970799,-1.242303,-1.775131,-0.381535
515.000000,-0.955007,-1.888959,-1.257042,-1.740350,-0.607175
516.000000,-0.724775,-1.691986,-1.251824,-1.697729,-0.315897
517.000000,-0.690041,-1.600826,-1.307667,-1.671313,-0.672593
518.000000,-0.668613,-1.596696,-1.427502,-1.691627,-0.805203
519.000000,-0.660710,-1.340801,-1.532214,-1.638077,-0.310517
520.000000,-0.632933,-1.106078,-1.694808,-1.615909,-0.480787
521.000000,-0.781790,-1.045255,-2.000053,-1.574030,-0.925808
522.000000,-0.620285,-0.916978,-2.053298,-1.442206,-0.039731
523.000000,-0.741403,-0.970678,-2.112465,-1.384533,-1.333878
524.000000,-0.928253,-1.071772,-2.125420,-1.343628,-1.113523
525.000000,-0.853423,-0.984433,-1.975833,-1.309077,-0.184097
526.000000,-0.865040,-1.072480,-1.854510,-1.323940,-0.987892
527.000000,-0.949680,-1.019118,-1.722724,-1.317482,-0.454752
528.000000,-0.885949,-1.043755,-1.696411,-1.377255,-1.069277
529.000000,-0.939475,-1.175089,-1.587589,-1.474066,-1.342837
530.000000,-1.035600,-1.164748,-1.423724,-1.542582,-0.594682
531.000000,-1.178895,-1.221533,-1.427048,-1.737735,-1.789786
532.000000,-1.460671,-1.387480,-1.473118,-1.847987,-1.720660
533.000000,-1.704108,-1.431693,-1.536292,-1.914684,-2.078646
534.000000,-2.021554,-1.576111,-1.674421,-1.998106,-2.446783
535.000000,-2.225973,-1.699650,-1.669905,-1.959042,-0.706733
536.000000,-2.037463,-1.739771,-1.702158,-1.891308,-0.975988
537.000000,-1.842702,-1.881475,-1.693592,-1.844777,-0.966407
538.000000,-1.525777,-1.919719,-1.660165,-1.821118,-0.829901
539.000000,-0.929356,-1.789596,-1.625398,-1.688302,-0.171366
540.000000,-0.808082,-1.761116,-1.574430,-1.559057,-0.263419
541.000000,-0.517668,-1.450770,-1.464929,-1.463648,0.167443
542.000000,-0.184268,-1.148945,-1.440098,-1.399578,0.364715
543.000000,-0.250252,-0.998800,-1.400474,-1.393210,-1.113578
544.000000,-0.394116,-0.747974,-1.373768,-1.407713,-0.779767
545.000000,-0.435101,-0.704667,-1.420035,-1.389312,-0.421086
546.000000,-0.524043,-0.585908,-1.378861,-1.379776,-0.131236
547.000000,-1.104826,-0.703408,-1.512283,-1.417471,-1.906501
548.000000,-1.347679,-0.862840,-1.591445,-1.447443,-1.961436
549.000000,-1.707525,-1.143541,-1.652876,-1.514745,-2.051636
550.000000,-2.097118,-1.413490,-1.787242,-1.563902,-1.936273
551.000000,-2.038007,-1.482285,-1.650508,-1.506023,-0.167112
552.000000,-1.951538,-1.780544,-1.639697,-1.578455,-1.544086
553.000000,-1.636908,-1.736884,-1.525459,-1.537608,-0.676303
554.000000,-1.118078,-1.635951,-1.322913,-1.490349,0.043669
555.000000,-0.057716,-1.304942,-1.110786,-1.424733,2.155793
556.000000,0.264866,-1.183328,-0.972417,-1.361713,0.986602
557.000000,1.415529,-0.514589,-0.702905,-1.273767,2.348241
558.000000,2.213159,0.304147,-0.427814,-1.133319,2.129484
559.000000,2.463789,1.136728,-0.262613,-0.991454,1.458490
560.000000,2.059651,1.847487,-0.140057,-0.951240,0.892769
561.000000,1.773922,1.925566,-0.153363,-0.856039,0.148328
562.000000,1.220991,2.170756,-0.196533,-0.759671,0.138924
563.000000,0.848090,2.275129,0.065382,-0.561440,0.659952
564.000000,0.577626,2.165545,0.273354,-0.322702,0.422722
565.000000,0.573428,1.851821,0.549522,-0.177649,0.890912
566.000000,0.934023,1.870554,0.950578,0.089736,1.537158
567.000000,1.481063,1.826428,1.825476,0.486269,2.195965
568.000000,1.592053,1.636008,2.342478,0.755435,1.192203
569.000000,1.730267,1.561062,2.670930,0.972135,1.183986
570.000000,1.572848,1.451656,2.699441,1.099166,0.415855
571.000000,1.412351,1.533320,2.565570,1.261482,0.896632
572.000000,0.962678,1.509082,2.494285,1.313222,0.316867
573.000000,0.805361,1.453757,2.378326,1.550850,0.542011
574.000000,0.714822,1.473679,2.256366,1.747287,0.815239
575.000000,0.697042,1.370169,1.967739,1.794802,0.357797
576.000000,0.410561,1.101201,1.753937,1.697378,-0.305038
577.000000,0.470849,0.868688,1.561305,1.867773,0.573704
578.000000,0.346444,0.698615,1.349114,1.932854,-0.006103
579.000000,0.066772,0.483279,1.178263,1.950537,-0.408495
580.000000,-0.060060,0.414507,1.095600,1.984385,-0.172319
581.000000,0.081722,0.318145,1.111662,1.909398,0.263295
582.000000,-0.347345,0.163711,1.046377,1.871996,-1.170948
583.000000,-0.398587,0.084613,1.019443,1.861674,0.058521
584.000000,-0.478437,-0.146865,0.976932,1.782648,-0.617702
585.000000,-1.208883,-0.590188,0.769915,1.488017,-2.371171
586.000000,-2.146522,-1.038085,0.472375,1.290913,-2.259194
587.000000,-2.125146,-1.705641,0.107386,1.039014,-1.513463
588.000000,-2.571078,-2.275226,-0.238787,0.726236,-2.186853
589.000000,-2.827882,-2.586475,-0.658979,0.411213,-2.405269
590.000000,-2.765858,-2.828767,-1.057181,0.069614,-2.634801
591.000000,-2.612240,-2.912852,-1.492452,-0.198326,-2.143223
592.000000,-2.612772,-2.787996,-1.856936,-0.526746,-2.152947
593.000000,-2.529204,-2.804938,-2.204447,-0.984804,-2.181628
594.000000,-2.398282,-2.735757,-2.471496,-1.423464,-2.030689
595.000000,-2.232822,-2.562387,-2.579138,-1.895681,-1.970625
596.000000,-2.043631,-2.362551,-2.491731,-2.244274,-1.418416
597.000000,-1.823696,-2.221898,-2.426617,-2.483175,-1.165188
598.000000,-1.665908,-2.095899,-2.340343,-2.543985,-1.427197
599.000000,-1.513543,-1.955256,-2.231437,-2.533068,-1.289172
600.000000,-1.289886,-1.765723,-2.129051,-2.407840,-0.901110
601.000000,-1.201370,-1.641983,-2.072176,-2.341169,-0.995922
602.000000,-1.219100,-1.551116,-1.997002,-2.262212,-1.250493
603.000000,-1.062056,-1.397685,-1.940653,-2.162752,-0.661703
604.000000,-0.886861,-1.237123,-1.865589,-2.078818,-0.417781
605.000000,-0.861236,-1.111179,-1.770550,-2.005106,-0.765499
606.000000,-0.772000,-1.022938,-1.676759,-1.899613,-0.556489
607.000000,-0.695254,-1.000495,-1.636853,-1.872261,-0.939879
608.000000,-0.814254,-0.976214,-1.592674,-1.840172,-1.250488
609.000000,-1.114145,-1.025733,-1.569067,-1.828872,-1.816578
610.000000,-1.456711,-1.181878,-1.558879,-1.856913,-2.298377
611.000000,-1.857952,-1.340000,-1.572865,-1.897551,-2.336699
612.000000,-2.180282,-1.496755,-1.597106,-1.913694,-2.431966
613.000000,-2.300969,-1.665214,-1.588257,-1.937007,-1.927315
614.000000,-2.224249,-1.800956,-1.561793,-1.929147,-1.457485
615.000000,-2.121796,-1.930019,-1.558388,-1.901556,-1.811535
616.000000,-2.068817,-2.108873,-1.608764,-1.892054,-2.094326
617.000000,-1.898367,-2.179011,-1.649541,-1.881815,-1.662587
618.000000,-1.795538,-2.186788,-1.662585,-1.848655,-1.455793
619.000000,-1.680747,-2.081285,-1.652808,-1.790311,-0.912529
620.000000,-1.494334,-1.925524,-1.667489,-1.725708,-0.907555
621.000000,-1.255720,-1.775221,-1.679262,-1.681876,-0.975991
622.000000,-1.148119,-1.626353,-1.685932,-1.646795,-1.158481
623.000000,-1.139072,-1.564461,-1.741569,-1.619428,-1.408016
624.000000,-1.278478,-1.573077,-1.812186,-1.603309,-1.555995
625.000000,-1.277928,-1.469564,-1.814495,-1.562921,-0.934384
626.000000,-1.347513,-1.379919,-1.851160,-1.562086,-1.325430
627.000000,-1.393148,-1.349165,-1.865855,-1.574372,-1.396832
628.000000,-1.382381,-1.338054,-1.859688,-1.574226,-1.365923
629.000000,-1.138297,-1.273081,-1.766428,-1.539658,-0.375063
630.000000,-0.975858,-1.185428,-1.638994,-1.514153,-0.090716
631.000000,-0.606314,-1.033718,-1.482919,-1.465517,0.538209
632.000000,-0.191989,-0.863420,-1.319534,-1.409912,0.577737
633.000000,0.262040,-0.660348,-1.190671,-1.382724,0.656417
634.000000,0.630239,-0.369758,-1.066064,-1.350773,1.305917
635.000000,0.781744,-0.226571,-0.966262,-1.340884,0.436642
636.000000,0.718368,-0.048174,-0.862439,-1.359662,0.054449
637.000000,0.475721,0.090739,-0.823495,-1.393071,-0.855216
638.000000,0.161897,0.266534,-0.795880,-1.418026,-0.849449
639.000000,-0.698924,0.184439,-0.851888,-1.447957,-1.774196
640.000000,-1.790340,-0.214532,-0.995656,-1.501464,-2.942811
641.000000,-2.728546,-1.055707,-1.196850,-1.578792,-3.142944
642.000000,-2.979113,-2.000137,-1.371531,-1.627654,-2.586776
643.000000,-3.092710,-2.864355,-1.549552,-1.710453,-2.546148
644.000000,-2.981506,-3.356615,-1.708186,-1.806352,-2.287256
645.000000,-2.630489,-3.277735,-1.866675,-1.838550,-1.704132
646.000000,-2.260572,-3.067472,-1.948085,-1.831201,-1.500057
647.000000,-2.008306,-2.829145,-2.000925,-1.837667,-1.438626
648.000000,-1.759445,-2.647026,-2.036772,-1.844839,-1.364122
649.000000,-1.472033,-2.407522,-2.104743,-1.845970,-0.935160
650.000000,-1.329267,-2.159523,-2.188082,-1.854625,-1.040030
651.000000,-1.334340,-1.977142,-2.344044,-1.892476,-1.513460
652.000000,-1.230658,-1.781999,-2.385698,-1.875322,-0.955864
653.000000,-1.057053,-1.548861,-2.350098,-1.816670,-0.547332
654.000000,-0.976904,-1.348525,-2.327562,-1.754099,-0.560978
655.000000,-0.881003,-1.216471,-2.248699,-1.730464,-0.578038
656.000000,-0.672143,-1.103359,-2.150299,-1.682873,-0.524242
657.000000,-0.484828,-0.945753,-1.996318,-1.601000,-0.071061
658.000000,-0.415914,-0.814634,-1.879850,-1.534547,-0.221333
659.000000,-0.344485,-0.734331,-1.755164,-1.524298,-0.223697
660.000000,-0.234968,-0.624465,-1.590308,-1.518093,-0.058211
661.000000,-0.157322,-0.468259,-1.426057,-1.550273,-0.168914
662.000000,-0.128990,-0.349720,-1.274780,-1.570456,0.092432
663.000000,-0.048824,-0.271664,-1.118682,-1.589533,0.189977
664.000000,0.043850,-0.188774,-0.974596,-1.634027,0.239379
665.000000,-0.199032,-0.243830,-0.950702,-1.715669,-1.565246
666.000000,-0.650776,-0.392881,-0.985922,-1.811114,-2.522264
667.000000,-1.148681,-0.570086,-0.991748,-1.840677,-1.775045
668.000000,-1.701865,-0.724204,-0.985419,-1.852703,-1.389097
669.000000,-2.196414,-0.893489,-1.003335,-1.829097,-1.050482
670.000000,-2.162041,-1.188540,-1.025898,-1.773082,-1.276350
671.000000,-2.051882,-1.687279,-1.063595,-1.734615,-2.329417
672.000000,-2.076427,-2.262789,-1.162030,-1.707185,-2.120909
673.000000,-2.099920,-2.657812,-1.296837,-1.657599,-1.792394
674.000000,-2.275609,-2.853803,-1.472582,-1.629603,-2.117999
675.000000,-2.191862,-2.582375,-1.585708,-1.595782,-1.328101
676.000000,-2.005517,-2.303713,-1.740282,-1.590988,-1.614322
677.000000,-1.927792,-2.207068,-1.980994,-1.603541,-1.839091
678.000000,-1.903218,-2.167886,-2.186612,-1.617847,-1.771906
679.000000,-1.752686,-2.125276,-2.328810,-1.643056,-1.478622
680.000000,-1.706936,-2.040639,-2.418433,-1.644572,-1.239357
681.000000,-1.549091,-1.849544,-2.402442,-1.591351,-0.944720
682.000000,-1.285717,-1.655216,-2.346488,-1.557625,-0.606777
683.000000,-1.108661,-1.546643,-2.311306,-1.574547,-0.929959
684.000000,-0.956058,-1.395981,-2.243765,-1.581966,-0.763206
685.000000,-0.863338,-1.332341,-2.085513,-1.591020,-0.812907
686.000000,-0.842921,-1.248918,-1.909175,-1.607561,-0.850376
687.000000,-0.763250,-1.074367,-1.752560,-1.621769,-0.191299
688.000000,-0.546934,-0.873623,-1.617661,-1.614658,0.147829
689.000000,-0.318456,-0.682425,-1.503196,-1.600984,0.375672
690.000000,0.019174,-0.476390,-1.372086,-1.583840,0.810547
691.000000,0.545009,-0.232718,-1.168084,-1.528657,1.513067
692.000000,1.017560,0.015284,-0.964102,-1.480270,1.854417
693.000000,1.515988,0.369112,-0.763687,-1.426405,2.178795
694.000000,2.120849,0.823109,-0.496656,-1.339791,2.719276
695.000000,2.434519,1.296723,-0.279947,-1.175502,2.185288
696.000000,2.436984,1.760613,-0.022921,-0.954363,1.960403
697.000000,2.455406,2.140173,0.343554,-0.707380,2.376470
698.000000,2.318508,2.318592,0.716190,-0.493823,1.889791
699.000000,2.157368,2.415830,1.114693,-0.256685,1.963783
700.000000,2.089653,2.417918,1.507341,0.033628,1.920232
701.000000,2.044745,2.332998,1.844869,0.443188,1.839488
702.000000,1.964475,2.259470,2.112629,0.932170,1.980512
703.000000,1.958739,2.180677,2.319685,1.433492,1.919960
704.000000,1.910630,2.070652,2.407523,1.923248,1.771186
705.000000,1.845266,1.992466,2.428679,2.242302,1.627507
706.000000,1.743195,1.906555,2.392192,2.435516,1.364586
707.000000,1.635415,1.805981,2.314462,2.552660,1.435399
708.000000,1.463166,1.708303,2.198207,2.544220,1.049544
709.000000,1.357083,1.633873,2.107930,2.503446,1.235156
710.000000,1.248623,1.552652,2.010607,2.423661,1.083677
711.000000,1.204560,1.486717,1.915340,2.338961,1.143996
712.000000,1.110095,1.391055,1.821440,2.236898,0.970991
713.000000,1.106638,1.304684,1.741798,2.167887,1.024675
714.000000,1.088330,1.242639,1.667970,2.108017,1.157202
715.000000,1.100155,1.192254,1.615059,2.056721,1.151579
716.000000,1.038489,1.140537,1.556871,1.998499,0.816516
717.000000,1.055235,1.096903,1.494552,1.937475,1.046430
718.000000,0.903346,1.026842,1.419380,1.848066,0.097977
719.000000,0.692626,0.928320,1.344144,1.768968,-0.003727
720.000000,0.539858,0.879843,1.289289,1.708416,0.496694
721.000000,0.486878,0.830274,1.241920,1.647378,0.658259
722.000000,0.219597,0.749249,1.162905,1.576232,-0.172069
723.000000,0.070016,0.608942,1.067404,1.500911,-0.868365
724.000000,0.026525,0.462988,0.989450,1.433620,-0.291395
725.000000,-1.043727,-0.036892,0.807107,1.311239,-3.728583
726.000000,-2.157460,-0.563122,0.634743,1.202659,-3.058033
727.000000,-2.643184,-1.126975,0.464436,1.097399,-2.097334
728.000000,-2.693123,-1.492536,0.329792,1.020809,-1.531195
729.000000,-2.684979,-1.776635,0.168819,0.946734,-1.191531
730.000000,-2.057024,-2.038222,0.004201,0.874337,-0.978016
731.000000,-1.616138,-2.251802,-0.219866,0.789912,-1.141780
732.000000,-1.358690,-2.259915,-0.468044,0.685753,-1.032361
733.000000,-1.196887,-2.149007,-0.762347,0.570919,-0.873285
734.000000,-1.081938,-2.070636,-1.106660,0.449979,-0.722518
735.000000,-1.103219,-1.737953,-1.499573,0.293908,-1.093109
736.000000,-1.227491,-1.559201,-1.859521,0.090230,-1.666936
737.000000,-1.271737,-1.433034,-2.097388,-0.142664,-1.231341
738.000000,-1.346386,-1.381083,-2.139041,-0.384686,-1.225918
739.000000,-1.321737,-1.302031,-2.070282,-0.657460,-0.660760
740.000000,-1.199128,-1.241148,-2.019621,-0.948998,-0.549661
741.000000,-1.071705,-1.233104,-2.017126,-1.338251,-1.089218
742.000000,-1.035235,-1.235980,-1.961122,-1.703410,-1.066072
743.000000,-0.984048,-1.249135,-1.880101,-2.000161,-0.995188
744.000000,-1.020318,-1.257429,-1.824584,-2.179639,-0.796473
745.000000,-0.897249,-1.128792,-1.565841,-2.176835,0.138702
746.000000,-0.592089,-0.908704,-1.343453,-2.079916,0.382852
747.000000,-0.294288,-0.755318,-1.195887,-2.012393,0.276494
748.000000,0.172301,-0.526996,-1.058816,-1.844827,0.911705
749.000000,0.777299,-0.298815,-0.918416,-1.674971,1.457875
750.000000,1.387461,0.055316,-0.741921,-1.517110,2.311769
751.000000,1.912460,0.553766,-0.556404,-1.400839,2.144405
752.000000,2.406518,1.181267,-0.349987,-1.252596,2.194974
753.000000,2.687625,1.925485,-0.102716,-1.069620,2.322591
754.000000,2.769832,2.593194,0.182387,-0.913872,2.260065
755.000000,2.483096,2.743134,0.507041,-0.596814,1.789602
756.000000,2.281748,2.708611,0.944174,-0.267852,1.787046
757.000000,2.168107,2.669280,1.385473,0.065424,1.990446
758.000000,2.049295,2.562726,1.811393,0.399198,1.941950
759.000000,1.907574,2.401861,2.070404,0.715558,1.649222
760.000000,1.829501,2.201334,2.226978,1.028658,1.500817
761.000000,1.702201,2.032102,2.327472,1.337404,1.224657
762.000000,1.517116,1.874636,2.351613,1.606615,1.084280
763.000000,1.279254,1.689509,2.305378,1.785727,0.766382
764.000000,1.146760,1.552746,2.255044,1.936439,0.988161
765.000000,0.968229,1.426639,2.121619,2.024080,0.625074
766.000000,0.941590,1.359738,2.036397,2.158724,1.103554
767.000000,0.819579,1.209481,1.930677,2.145362,0.483010
768.000000,0.703239,1.031978,1.801281,2.092223,0.157371
769.000000,0.680392,0.954815,1.718423,2.056405,0.903439
770.000000,0.632139,0.837703,1.586556,1.976423,0.358733
771.000000,0.570073,0.796241,1.509788,1.966802,0.869508
772.000000,0.703152,0.794330,1.453449,1.966431,1.169274
773.000000,0.962415,0.850262,1.403371,1.967899,1.433585
774.000000,1.152955,0.921558,1.378328,1.974727,1.940770
775.000000,1.501288,1.044771,1.372971,1.941441,1.874398
776.000000,1.733077,1.106983,1.362558,1.905210,1.793146
777.000000,2.088802,1.352382,1.376182,1.913667,2.687409
778.000000,2.388895,1.675229,1.395511,1.909142,2.676137
779.000000,2.453259,1.876120,1.417393,1.881483,2.216804
780.000000,2.521813,2.174467,1.461613,1.844783,2.302549
781.000000,2.586278,2.382096,1.536949,1.830186,2.330922
782.000000,2.532372,2.538109,1.647637,1.832765,2.523031
783.000000,2.284261,2.496566,1.727886,1.796286,1.631328
784.000000,2.357320,2.522507,1.865337,1.812758,2.550687
785.000000,2.423963,2.556376,2.039095,1.853568,2.597708
786.000000,2.415011,2.550010,2.144330,1.881215,2.336355
787.000000,2.342530,2.466524,2.259872,1.892507,2.194526
788.000000,2.370156,2.376361,2.347650,1.895279,2.035695
789.000000,2.227166,2.308595,2.355409,1.900110,1.883622
790.000000,2.034032,2.213193,2.355591,1.895184,1.640019
791.000000,1.922103,2.144108,2.332439,1.909286,1.761732
792.000000,1.791078,2.041638,2.276357,1.913341,1.541617
793.000000,1.625478,1.969050,2.192627,1.908525,1.215218
794.000000,1.471788,1.832338,2.100186,1.890441,1.110742
795.000000,1.324412,1.674095,2.009435,1.874410,0.889972
796.000000,1.199324,1.565181,1.950547,1.856067,1.133444
797.000000,1.063805,1.441644,1.861760,1.844847,0.870827
798.000000,0.996023,1.333331,1.783661,1.843956,0.881278
799.000000,0.990636,1.257820,1.736371,1.832216,1.101431
800.000000,1.054406,1.214512,1.695233,1.841021,1.219471
801.000000,1.108993,1.173871,1.664654,1.843465,1.436876
802.000000,1.218076,1.150113,1.623826,1.835786,1.389197
803.000000,1.298931,1.149442,1.605443,1.817384,1.237528
804.000000,1.294349,1.143549,1.544941,1.784325,1.023560
805.000000,1.294523,1.179494,1.485241,1.761258,1.193994
806.000000,1.243943,1.188202,1.432246,1.741629,1.191242
807.000000,1.249788,1.254019,1.392033,1.715471,1.451920
808.000000,1.279465,1.315292,1.354241,1.687257,1.381036
809.000000,1.275643,1.313509,1.305613,1.655618,0.903383
810.000000,1.258412,1.308816,1.274944,1.626350,1.048177
811.000000,1.217431,1.264836,1.230043,1.593266,0.905895
812.000000,1.158179,1.247131,1.206664,1.559862,1.197144
813.000000,1.069568,1.234281,1.199276,1.544191,0.973688
814.000000,1.357136,1.356170,1.238300,1.524305,2.342892
815.000000,1.623429,1.461284,1.297498,1.496278,2.189461
816.000000,1.807961,1.525802,1.326095,1.462939,1.615160
817.000000,1.964514,1.581809,1.390801,1.437496,1.901057
818.000000,1.935812,1.551416,1.423248,1.398127,0.975133
819.000000,1.468199,1.492535,1.405123,1.346319,0.096346
820.000000,1.032611,1.403682,1.374509,1.305037,0.081480
821.000000,0.657145,1.296969,1.309812,1.249396,-0.167147
822.000000,0.304200,1.204578,1.265190,1.213729,0.346335
823.000000,0.120112,1.132848,1.225886,1.193467,0.183471
824.000000,0.209933,0.944624,1.220425,1.187464,0.518920
825.000000,0.181371,0.695358,1.176271,1.185639,-0.088737
826.000000,0.103866,0.446011,1.108080,1.159071,-0.652270
827.000000,0.020924,0.198977,1.043458,1.166213,0.018258
828.000000,0.086683,0.118165,1.007314,1.186306,0.610827
829.000000,0.069795,0.173810,1.021456,1.195300,0.676547
830.000000,-0.073016,0.099574,0.965910,1.171570,-0.789806
831.000000,-0.584804,-0.161915,0.828365,1.089414,-2.519856
832.000000,-1.304182,-0.555375,0.657792,1.008609,-2.053941
833.000000,-1.707078,-0.786412,0.575544,0.967025,-0.748775
834.000000,-1.769049,-0.974347,0.414797,0.969368,0.182892
835.000000,-1.378925,-0.950330,0.252260,0.967704,0.483702
836.000000,-0.333916,-0.639720,0.170378,0.989316,1.056435
837.000000,0.830294,-0.280490,0.081004,1.013019,1.629606
838.000000,1.521165,-0.014968,0.107692,1.045595,1.544064
839.000000,1.654684,0.067484,0.201424,1.101362,0.828681
840.000000,2.098104,0.865906,0.530763,1.243063,2.223697
841.000000,2.154779,1.815138,0.915836,1.383295,1.613279
842.000000,2.065009,2.461925,1.308423,1.506298,1.549499
843.000000,1.895896,2.578221,1.769630,1.621413,1.094309
844.000000,1.852034,2.469154,2.120885,1.575856,0.958230
845.000000,1.493869,2.325791,2.423682,1.503431,0.872507
846.000000,1.355036,2.185972,2.706640,1.499064,1.114527
847.000000,1.171141,1.965739,2.605986,1.402211,0.836120
848.000000,1.051130,1.758714,2.385177,1.387287,0.609319
849.000000,0.675027,1.497266,2.010672,1.351638,-0.605128
850.000000,0.248603,1.036194,1.812821,1.279855,-0.920719
851.000000,-0.171347,0.710571,1.893177,1.285467,-0.646789
852.000000,-0.513753,0.399461,1.926608,1.227496,-0.595921
853.000000,-0.879578,0.106706,1.770627,1.141513,-0.910518
854.000000,-0.762598,-0.050246,1.650715,1.104909,-0.116516
855.000000,-0.632459,-0.231820,1.485791,1.104377,-0.376307
856.000000,-0.511986,-0.417076,1.318092,1.220250,-0.130798
857.000000,-0.311324,-0.508715,1.154233,1.288465,0.260486
858.000000,0.101729,-0.490402,1.073197,1.354538,0.799981
859.000000,0.393412,-0.242438,1.105989,1.445010,1.068565
860.000000,0.704104,0.033394,0.948375,1.636250,0.891091
861.000000,1.118490,0.382511,0.952059,2.092819,1.679783
862.000000,1.386436,0.704171,0.933308,2.411336,1.533460
863.000000,1.602218,1.135930,1.008388,2.561255,1.814420
864.000000,1.805061,1.476177,1.138964,2.589852,1.923258
865.000000,2.085696,1.881100,1.341932,2.596259,2.089880
866.000000,2.003299,2.098034,1.459422,2.492453,1.506157
867.000000,1.884173,2.163184,1.609641,2.337305,1.207272
868.000000,1.831574,2.203338,1.894929,2.257970,1.663836
869.000000,1.610710,2.106046,2.244931,2.173593,0.973592
870.000000,1.387856,2.035605,2.555246,1.997560,1.075442
871.000000,1.273157,1.869195,2.680657,1.876638,1.002124
872.000000,1.233505,1.756912,2.716983,1.775366,1.054591
873.000000,1.107861,1.640622,2.731243,1.719922,1.087262
874.000000,1.048616,1.479738,2.594259,1.654686,0.724530
875.000000,0.960615,1.304254,2.489069,1.603917,0.674848
876.000000,0.873279,1.188164,2.359509,1.536990,0.597278
877.000000,0.772644,1.105986,2.220086,1.499369,0.576677
878.000000,0.654803,0.969449,2.065486,1.477958,0.527663
879.000000,0.645503,0.929459,1.938774,1.550409,0.697519
880.000000,0.738145,0.930133,1.882811,1.669230,1.179552
881.000000,0.971965,1.003396,1.828751,1.795753,1.788154
882.000000,1.190926,1.053741,1.781619,1.892294,1.644366
883.000000,1.421991,1.088779,1.715704,1.984983,1.582665
884.000000,1.359949,1.032579,1.562107,1.947682,0.105420
885.000000,1.263315,1.022767,1.430191,1.949638,0.478131
886.000000,1.026462,1.042967,1.347834,1.942073,0.596316
887.000000,0.634398,1.018330,1.256961,1.890505,-0.310942
888.000000,0.159940,1.013093,1.139128,1.823461,-0.382139
889.000000,0.008552,0.965436,1.062381,1.746826,-0.710212
890.000000,-0.034850,0.936413,1.029226,1.722344,0.590918
891.000000,-0.179463,0.745584,0.995820,1.647280,0.314971
892.000000,-0.175864,0.456559,0.941213,1.567042,-0.318305
893.000000,-0.229314,0.036410,0.873072,1.467133,-0.594544
894.000000,-0.283568,-0.143687,0.822075,1.351046,-0.939445
895.000000,-0.205187,-0.162367,0.844761,1.267289,0.860275
896.000000,-0.099835,-0.236439,0.875956,1.209082,0.653324
897.000000,0.242145,0.034785,0.929137,1.173392,0.780354
898.000000,0.439227,0.166464,0.963346,1.085338,0.051662
899.000000,1.070807,0.685545,1.049028,1.073627,1.148824
900.000000,1.030952,0.733237,1.047245,1.048222,0.767314
901.000000,1.249716,1.029163,0.984170,1.051914,1.412743
902.000000,1.207268,1.268997,0.861073,1.032210,0.695899
903.000000,1.347510,1.521977,0.707024,1.008395,0.617162
904.000000,0.448283,1.221048,0.538469,0.925326,-1.858252
905.000000,-0.494927,0.413932,0.131223,0.826737,-2.138107
906.000000,-2.174510,-0.960826,-0.849200,0.634223,-3.316085
907.000000,-3.226515,-2.415464,-1.932675,0.371426,-3.185159
908.000000,-3.518884,-3.142110,-2.781816,0.071937,-2.577643
909.000000,-3.209069,-3.428468,-3.107708,-0.316161,-2.073434
910.000000,-2.917095,-3.360687,-3.232239,-0.914624,-1.854838
911.000000,-2.567511,-3.293840,-3.186233,-1.816003,-1.985462
912.000000,-2.355092,-3.197660,-3.113474,-2.683745,-2.300692
913.000000,-2.193874,-3.045131,-2.962773,-3.048523,-1.945574
914.000000,-1.993623,-2.727346,-2.732621,-2.909443,-1.276306
915.000000,-1.903909,-2.522813,-2.674791,-2.809057,-1.516569
916.000000,-1.735709,-2.254003,-2.572443,-2.669428,-1.228956
917.000000,-1.384672,-1.950424,-2.425621,-2.444369,-0.626704
918.000000,-1.134938,-1.737506,-2.295290,-2.286501,-0.736093
919.000000,-1.010261,-1.577178,-2.220227,-2.148170,-0.677594
920.000000,-0.946521,-1.506466,-2.192138,-2.129111,-1.200965
921.000000,-0.873886,-1.388496,-2.156422,-2.074274,-0.885039
922.000000,-0.971224,-1.260172,-2.119711,-2.028546,-1.090636
923.000000,-1.028270,-1.158397,-2.077844,-1.976519,-1.010433
924.000000,-1.093883,-1.126362,-1.980539,-1.922391,-0.994823
925.000000,-0.938959,-1.007861,-1.857271,-1.878710,-0.455849
926.000000,-0.772541,-0.879933,-1.683179,-1.812924,-0.051505
927.000000,-0.497003,-0.789422,-1.499441,-1.744222,0.280897
928.000000,-0.123281,-0.636043,-1.318915,-1.644102,0.804935
929.000000,-0.152885,-0.705647,-1.290264,-1.693574,-1.309185
930.000000,-0.146271,-0.628785,-1.225941,-1.691056,-0.488457
931.000000,-0.368346,-0.648961,-1.185930,-1.732840,-1.149023
932.000000,-0.603958,-0.591548,-1.094486,-1.738374,-0.622400
933.000000,-1.103818,-0.555839,-1.028520,-1.752388,-0.867314
934.000000,-0.881177,-0.458743,-0.981110,-1.701781,-0.100200
935.000000,-0.717104,-0.365373,-0.880446,-1.631144,0.936168
936.000000,0.102285,-0.278991,-0.774967,-1.513647,1.436444
937.000000,1.589209,-0.041566,-0.648992,-1.346706,2.675822
938.000000,3.147187,0.372056,-0.435688,-1.156670,3.171765
939.000000,3.528251,1.771805,-0.193945,-0.978493,2.725694
940.000000,3.448343,3.077048,0.178243,-0.784436,2.575922
941.000000,3.237779,3.690285,0.574736,-0.562331,2.245762
942.000000,2.824625,3.469377,1.001952,-0.315563,1.657965
943.000000,2.303228,3.155836,1.375070,-0.102951,1.039010
944.000000,1.846927,2.833971,1.704418,0.056502,0.685188
945.000000,1.286112,2.465967,1.804611,0.202224,-0.016781
946.000000,0.458668,1.978875,1.613075,0.208156,-1.389267
947.000000,-0.272062,1.463039,1.361161,0.145798,-1.376173
948.000000,-0.857678,0.889167,1.030138,0.085535,-1.346891
949.000000,-1.407270,0.264274,0.936260,-0.037108,-1.619758
950.000000,-1.625374,-0.311812,0.798186,-0.036542,-1.126613
951.000000,-1.633673,-0.955243,0.656412,-0.153933,-1.504866
952.000000,-1.498414,-1.366806,0.558107,-0.143383,-0.881239
953.000000,-1.283752,-1.565364,0.550042,-0.060835,-0.453853
954.000000,-1.043593,-1.703135,0.463015,0.009466,-0.563207
955.000000,-0.892362,-1.704848,0.321252,-0.001056,-0.463516
956.000000,-0.623672,-1.508997,0.155097,-0.066216,-0.343312
957.000000,-0.424482,-1.282490,-0.085100,-0.125099,-0.022679
958.000000,-0.301215,-1.056597,-0.428248,-0.257983,0.082323
959.000000,-0.212548,-0.836931,-0.835944,-0.066719,-0.181207
960.000000,-0.095896,-0.659152,-1.227024,0.024396,0.045466
961.000000,0.044904,-0.387096,-1.543144,0.257474,0.279965
962.000000,0.130930,-0.197343,-1.724376,0.424339,0.365703
963.000000,0.181256,-0.082261,-1.794483,0.607255,0.307600
964.000000,0.309453,0.062007,-1.786865,0.752137,0.387168
965.000000,0.516219,0.278218,-1.571605,0.984750,0.958858
966.000000,0.519907,0.376725,-1.279096,1.019310,0.300115
967.000000,0.464471,0.398420,-1.024216,0.768168,0.125738
968.000000,0.483624,0.442962,-0.723891,0.305393,0.408939
969.000000,0.462404,0.507852,-0.390873,-0.316955,0.292316
970.000000,0.437422,0.617930,-0.047470,-0.822195,0.933918
971.000000,0.573938,0.693343,0.369292,-1.267638,0.961913
972.000000,0.491123,0.597832,0.476750,-1.892502,-0.486351
973.000000,0.063238,0.377179,0.345781,-2.491576,-1.675339
974.000000,-0.200397,0.236907,0.362648,-2.660151,-0.810044
975.000000,-0.604430,0.012867,0.409930,-2.598052,-0.515973
976.000000,-0.945741,-0.092338,0.461538,-2.213187,-0.337210
977.000000,-0.975436,-0.226193,0.374437,-1.928323,-0.695644
978.000000,-0.711971,-0.418726,0.252265,-1.659663,-0.673137
979.000000,-0.617654,-0.540583,0.236158,-1.274526,-0.427132
980.000000,-0.467856,-0.681850,0.263084,-0.929101,0.201686
981.000000,-0.217674,-0.729978,0.330505,-0.367897,0.884695
982.000000,-0.261776,-0.776855,0.087932,-0.272263,-0.983809
983.000000,-0.069326,-0.513080,0.015506,-0.135370,0.058647
984.000000,0.350234,-0.244041,0.099274,0.210391,1.182330
985.000000,0.628752,0.005428,0.026764,0.534710,1.208823
986.000000,0.180850,-0.054183,-0.197990,0.502674,-0.801903
987.000000,0.062405,-0.149403,-0.475217,0.285999,-1.352228
988.000000,-0.216395,-0.182598,-0.744792,0.113361,-0.896649
989.000000,-0.734884,-0.230727,-0.928452,0.051575,-0.665660
990.000000,-1.171241,-0.361618,-1.214693,-0.033856,-0.432803
991.000000,-1.013120,-0.580507,-1.458389,-0.156891,-0.274443
992.000000,-0.499855,-0.305961,-1.286811,-0.175991,0.493303
993.000000,0.092375,-0.079481,-0.757073,-0.054913,1.201381
994.000000,0.728765,0.012791,-0.318573,0.115416,1.518630
995.000000,1.377046,0.151841,0.164016,0.177032,1.785157
996.000000,1.515099,0.353941,0.301633,0.136957,0.221817
997.000000,1.478468,0.711965,0.562430,0.190233,0.378950
998.000000,1.422096,1.118616,0.936816,0.294809,0.988510
999.000000,1.535769,1.676409,1.418104,0.707539,1.874160
1000.000000,1.590230,2.165752,1.733534,0.934532,1.913861
1001.000000,1.985319,2.502521,1.884537,1.117210,1.721291
1002.000000,2.187311,2.546142,2.242736,1.639706,1.515498
1003.000000,2.101648,2.354240,2.275433,2.275826,1.219249
1004.000000,1.812444,2.116356,2.121687,2.559127,1.058010
1005.000000,1.419868,1.794132,1.892660,2.615883,0.373325
1006.000000,1.279611,1.829860,2.023153,2.714995,1.132100
1007.000000,1.104935,1.794554,2.120082,2.749134,0.769469
1008.000000,0.851845,1.625841,2.067921,2.651611,0.099542
1009.000000,0.672085,1.395102,2.016175,2.532015,0.280987
1010.000000,0.655734,1.174952,1.947404,2.347261,0.250200
1011.000000,0.501133,1.022981,1.900271,2.148431,0.561703
1012.000000,0.416614,0.882785,1.795065,2.144613,0.461091
1013.000000,0.475089,0.763897,1.645376,2.033765,0.312866
1014.000000,0.511601,0.674587,1.499747,1.856327,0.434791
1015.000000,0.505868,0.660007,1.341464,1.686137,0.240634
1016.000000,0.444543,0.538080,1.325133,1.703710,0.343451
1017.000000,0.520505,0.533884,1.334664,1.792698,0.860712
1018.000000,0.724265,0.686123,1.330800,1.856421,1.318818
1019.000000,0.762862,0.726924,1.222272,1.851489,0.568580
1020.000000,0.896316,0.772244,1.116737,1.829558,0.511149
1021.000000,1.097971,0.797727,1.044138,1.810352,0.706264
1022.000000,1.212531,0.862979,0.995156,1.756479,0.905795
1023.000000,1.242586,1.006323,0.990068,1.680303,1.272233
1024.000000,1.606072,1.190422,1.012869,1.602321,1.500655
1025.000000,1.739268,1.410128,1.087373,1.507635,1.041811
1026.000000,1.539829,1.540787,1.031003,1.499607,0.162760
1027.000000,1.735230,1.798582,1.112748,1.537559,1.830985
1028.000000,1.283116,1.633820,1.172281,1.484208,-0.338761
1029.000000,0.741640,1.572929,1.203887,1.371932,-0.299930
1030.000000,0.432533,1.502581,1.261297,1.271394,0.108842
1031.000000,0.166795,1.192937,1.218257,1.160796,-0.816696
1032.000000,-0.628227,0.820506,1.153484,1.049873,-0.987728
1033.000000,-0.716957,0.434794,1.128408,0.966600,-0.630503
1034.000000,-1.010675,-0.140958,1.028906,0.862831,-1.330356
1035.000000,-0.962520,-0.338890,1.149049,0.882772,0.237144
1036.000000,-0.512657,-0.223799,1.314250,0.842347,0.847453
1037.000000,-0.252313,-0.577008,1.240048,0.800514,-0.015962
1038.000000,-0.078311,-0.509894,1.039041,0.833671,0.021217
1039.000000,0.682836,-0.211195,1.192753,0.911685,1.484825
1040.000000,1.195353,0.138265,1.461451,1.037902,2.142000
1041.000000,1.798459,0.835774,1.804256,1.197536,2.779815
1042.000000,2.580623,1.616327,2.110286,1.400182,2.796629
1043.000000,3.172440,2.381794,2.419095,1.689327,3.083606
1044.000000,3.257438,2.997963,2.637666,1.996486,2.879741
1045.000000,3.161451,3.138906,2.847389,2.342457,2.632247
1046.000000,2.953934,3.114059,2.978682,2.593981,2.346752
1047.000000,2.828470,3.146221,2.926674,2.720548,2.499850
1048.000000,2.616260,3.067090,2.952559,2.702444,2.225442
1049.000000,2.301973,2.824902,2.836215,2.625734,1.502896
1050.000000,2.014455,2.590814,2.696581,2.521253,1.264925
1051.000000,1.801932,2.381788,2.627669,2.418938,1.283206
1052.000000,1.451761,2.141510,2.512771,2.272079,0.741938
1053.000000,1.128998,1.896700,2.396035,2.130376,0.636983
1054.000000,1.057614,1.736740,2.369319,2.050002,1.141423
1055.000000,1.076454,1.620111,2.307272,2.017097,1.333313
1056.000000,1.064513,1.512527,2.229794,2.003058,1.214472
1057.000000,1.293221,1.456796,2.235571,1.990805,1.799873
1058.000000,1.490192,1.399508,2.216924,2.016630,1.621450
1059.000000,1.591248,1.419500,2.171123,2.038141,1.660944
1060.000000,1.463515,1.354461,2.050271,1.981329,0.754306
1061.000000,1.415536,1.318648,1.948836,1.968291,0.994461
1062.000000,1.273309,1.346742,1.861537,1.965782,1.082816
1063.000000,1.183625,1.395229,1.773331,1.962768,1.185282
1064.000000,1.070864,1.392649,1.688703,1.969929,1.157697
1065.000000,1.166472,1.375798,1.613977,1.949109,1.185053
1066.000000,1.223823,1.378208,1.553513,1.926038,1.245490
1067.000000,1.150896,1.265295,1.453480,1.895281,0.626685
1068.000000,1.026855,1.159072,1.361168,1.863301,0.463466
1069.000000,1.039521,1.101795,1.339814,1.840540,1.264604
1070.000000,0.979710,1.140206,1.318101,1.799760,0.879155
1071.000000,1.013773,1.199782,1.318236,1.766105,1.517583
1072.000000,1.411191,1.321308,1.378944,1.749286,2.248542
1073.000000,1.842446,1.434571,1.445095,1.716396,2.065015
1074.000000,1.961799,1.529015,1.471828,1.673384,1.708299
1075.000000,2.092148,1.605467,1.482405,1.628508,1.537998
1076.000000,2.099120,1.691509,1.509602,1.594704,1.693617
1077.000000,1.955710,1.857321,1.496630,1.551643,1.697281
1078.000000,1.718007,1.923801,1.464467,1.497592,1.090877
1079.000000,1.693327,1.944044,1.455976,1.491297,1.640153
1080.000000,1.758837,2.029127,1.540490,1.504523,1.884570
1081.000000,1.607391,1.937829,1.558579,1.490271,1.051780
1082.000000,1.404832,1.755886,1.553927,1.492164,0.738272
1083.000000,1.352042,1.608184,1.544636,1.502590,0.754320
1084.000000,1.302213,1.567981,1.570170,1.511751,1.419893
1085.000000,1.239412,1.575212,1.607774,1.522048,1.698947
1086.000000,1.425057,1.577966,1.647001,1.543163,1.810963
1087.000000,1.632519,1.558398,1.714157,1.528816,1.584170
1088.000000,1.671006,1.550481,1.744701,1.504273,0.978693
1089.000000,1.412657,1.398246,1.681268,1.453773,0.305919
1090.000000,1.108538,1.212032,1.644358,1.460141,0.277932
1091.000000,0.589706,1.043418,1.534561,1.426584,-0.665379
1092.000000,0.496451,1.114420,1.484081,1.446114,1.265037
1093.000000,0.747902,1.279918,1.484993,1.487501,2.081705
1094.000000,1.211951,1.372982,1.507309,1.532241,2.069326
1095.000000,1.251355,1.223748,1.444123,1.512387,0.322683
1096.000000,1.564038,1.096167,1.389418,1.500007,0.642444
1097.000000,1.449201,0.998036,1.339296,1.522831,0.674386
1098.000000,1.201553,1.016626,1.351457,1.561138,0.992301
1099.000000,0.975053,1.174529,1.338450,1.570064,1.268986
1100.000000,1.135665,1.282474,1.277532,1.578047,0.685487
1101.000000,1.242512,1.528575,1.284330,1.561170,0.665491
1102.000000,0.929252,1.341126,1.247070,1.473655,-0.812674
1103.000000,0.467755,1.012051,1.215115,1.398113,-0.577559
1104.000000,0.066247,0.715871,1.169806,1.359784,0.198579
1105.000000,0.065578,0.838036,1.126404,1.344755,0.727506
1106.000000,0.375914,1.042587,1.109601,1.343335,1.458995
1107.000000,1.474469,1.369901,1.143411,1.358906,1.913530
1108.000000,2.277817,1.592698,1.227817,1.405667,1.634527
1109.000000,2.588715,1.720642,1.389337,1.416549,1.534285
1110.000000,2.652434,1.954714,1.558674,1.412036,1.656088
1111.000000,2.736618,2.322896,1.880288,1.503856,2.376205
1112.000000,2.904540,2.967293,2.091789,1.665006,2.984673
1113.000000,2.756339,3.075864,2.093370,1.753857,1.826423
1114.000000,2.684679,3.023893,2.097707,1.805818,1.910840
1115.000000,2.508088,2.833336,2.206166,1.805761,1.450213
1116.000000,2.092895,2.533103,2.181667,1.750321,0.798334
1117.000000,1.400057,2.160314,2.055445,1.658185,0.011597
1118.000000,1.012848,1.903409,1.926605,1.615290,0.120159
1119.000000,0.795778,1.810296,1.880195,1.673699,0.962509
1120.000000,0.821916,1.800736,1.932655,1.765282,1.562637
1121.000000,1.047772,1.738657,1.993064,1.906793,1.759776
1122.000000,1.618654,1.663040,2.165730,1.973542,2.277462
1123.000000,2.006160,1.661476,2.244309,1.957720,1.839742
1124.000000,2.062602,1.597543,2.229838,1.911331,1.505714
1125.000000,1.919319,1.548427,2.165345,1.935013,1.177453
1126.000000,1.667425,1.522262,2.047480,1.908352,0.710242
1127.000000,1.340439,1.600590,1.935623,1.883765,0.785293
1128.000000,1.065176,1.634907,1.835882,1.833622,0.587452
1129.000000,0.670558,1.469091,1.694158,1.726666,-0.303559
1130.000000,0.299895,1.227691,1.554785,1.642089,-0.501877
1131.000000,-0.252731,0.827811,1.309224,1.499809,-1.699014
1132.000000,-0.922617,0.303159,1.003758,1.402509,-2.012425
1133.000000,-1.457856,-0.156355,0.795272,1.334819,-1.616655
1134.000000,-1.812387,-0.649591,0.556158,1.240066,-1.757357
1135.000000,-2.093030,-1.142267,0.325529,1.129233,-1.765854
1136.000000,-1.968985,-1.497619,0.164719,1.025309,-1.271853
1137.000000,-1.806787,-1.861535,0.031189,0.883987,-1.428590
1138.000000,-1.803847,-2.178546,-0.169958,0.715831,-1.700264
1139.000000,-1.613917,-2.204041,-0.399553,0.595155,-1.012553
1140.000000,-1.539216,-2.240665,-0.785856,0.403457,-1.457683
1141.000000,-1.507860,-2.078752,-1.171088,0.149572,-1.210147
1142.000000,-1.352119,-1.837222,-1.545004,-0.170841,-0.790782
1143.000000,-1.105351,-1.650170,-1.813825,-0.419733,-0.586632
1144.000000,-0.897314,-1.407145,-1.931927,-0.643792,-0.040380
1145.000000,-0.488783,-1.126873,-1.915215,-0.778976,0.452283
1146.000000,-0.028731,-0.864878,-1.797308,-0.793369,0.862228
1147.000000,0.236405,-0.647102,-1.747184,-0.793146,0.390996
1148.000000,0.463747,-0.385455,-1.677526,-0.802997,0.431757
1149.000000,0.543852,-0.218576,-1.549965,-0.941972,0.330984
1150.000000,0.527621,0.019697,-1.415517,-1.151055,0.386970
1151.000000,0.394127,0.216664,-1.212268,-1.365903,0.262617
1152.000000,0.391329,0.372448,-0.994040,-1.611394,0.395000
1153.000000,0.464418,0.550672,-0.792981,-1.699594,0.820401
1154.000000,0.495044,0.614573,-0.619510,-1.777715,0.452833
1155.000000,0.551009,0.631730,-0.430486,-1.772894,0.630135
1156.000000,0.623772,0.580910,-0.287427,-1.725563,0.518572
1157.000000,0.839073,0.690876,-0.050388,-1.621287,1.343323
1158.000000,1.056851,0.862890,0.289027,-1.475061,1.757849
1159.000000,1.321203,1.049603,0.582399,-1.259449,1.542330
1160.000000,1.420585,1.179250,0.944224,-1.087627,1.091091
1161.000000,1.359049,1.216897,1.230228,-0.845628,0.391309
1162.000000,1.271349,1.289323,1.507518,-0.468839,1.067692
1163.000000,1.055921,1.246603,1.693952,-0.156316,0.792829
1164.000000,0.843286,1.223161,1.734841,0.194960,0.569120
1165.000000,0.481909,1.043874,1.568133,0.434592,-0.681083
1166.000000,0.265084,0.894782,1.354431,0.627684,-0.690653
1167.000000,-0.044807,0.706095,1.251600,0.961894,-0.306585
1168.000000,-0.184897,0.536948,1.195557,1.495607,0.313747
1169.000000,-0.261520,0.392326,1.158310,1.861106,0.407790
1170.000000,0.091469,0.349651,1.145333,2.297841,0.961815
1171.000000,0.459812,0.388119,1.131762,2.474305,0.777174
1172.000000,0.912252,0.371213,1.137432,2.490507,1.366153
1173.000000,1.213429,0.380773,1.096799,2.418613,1.167607
1174.000000,1.363489,0.345802,1.066786,2.224337,0.222966
1175.000000,1.421645,0.687940,1.061368,2.040617,0.881379
1176.000000,1.462390,1.155443,1.077775,1.842203,0.967465
1177.000000,1.440543,1.724488,1.056271,1.764612,1.486783
1178.000000,0.971723,1.792303,0.911713,1.610592,-0.307748
1179.000000,0.874111,1.857465,0.792648,1.501943,-0.068453
1180.000000,0.749413,1.767391,0.751858,1.425729,0.461461
1181.000000,0.925743,1.922361,0.878241,1.422464,1.503159
1182.000000,0.194011,1.312929,0.738347,1.309490,-0.948505
1183.000000,-0.008433,0.779211,0.612173,1.174241,-0.933838
1184.000000,-0.094176,0.637876,0.560386,1.120500,-0.335622
1185.000000,-0.453441,0.252792,0.718392,1.049175,-0.679080
1186.000000,-1.492466,-0.480632,0.779187,0.942995,-1.803675
1187.000000,-1.656334,-1.295413,0.766614,0.773484,-1.577116
1188.000000,-1.966794,-1.770850,0.265155,0.508315,-2.159532
1189.000000,-2.215420,-2.068488,-0.439084,0.253918,-1.669574
1190.000000,-2.349994,-2.379119,-1.617504,0.000475,-1.709067
1191.000000,-2.003730,-2.537978,-2.191162,-0.120802,-0.747044
1192.000000,-1.835623,-2.357737,-2.706403,-0.399425,-1.072703
1193.000000,-1.496260,-2.186906,-2.839598,-0.656978,-0.854878
1194.000000,-1.188946,-2.069363,-2.656781,-0.856890,-0.445759
1195.000000,-1.033548,-2.022827,-2.714716,-0.944494,-1.136879
1196.000000,-1.187849,-1.894826,-2.772838,-1.096513,-1.489010
1197.000000,-1.109435,-1.715048,-2.732585,-1.241752,-0.809770
1198.000000,-0.870568,-1.359770,-2.391948,-1.336127,0.141744
1199.000000,-0.916353,-1.202752,-2.259444,-1.535828,-0.666232
1200.000000,-1.423307,-1.409164,-2.492310,-2.111744,-2.985871
1201.000000,-1.750537,-1.673204,-2.666312,-2.428536,-2.542605
1202.000000,-1.877936,-1.686167,-2.483102,-2.498231,-1.395631
1203.000000,-2.077776,-1.672409,-2.315065,-2.468095,-1.082200
1204.000000,-2.058656,-1.668815,-2.199740,-2.355692,-0.846168
1205.000000,-1.751828,-1.699829,-2.155506,-2.369483,-1.559037
1206.000000,-1.492284,-1.691107,-2.053816,-2.357247,-1.438678
1207.000000,-1.509006,-1.760979,-1.981891,-2.364055,-1.464013
1208.000000,-1.650511,-1.938811,-1.904937,-2.302434,-1.694103
1209.000000,-1.802694,-2.008414,-1.850911,-2.249676,-1.530466
1210.000000,-1.841650,-1.868104,-1.817920,-2.239821,-1.752371
1211.000000,-1.884484,-1.756713,-1.832803,-2.257652,-1.655289
1212.000000,-2.034736,-1.849521,-1.869009,-2.221122,-2.184377
1213.000000,-2.355317,-2.100973,-1.989903,-2.255788,-2.995165
1214.000000,-2.540422,-2.287587,-2.078674,-2.274842,-2.465675
1215.000000,-2.584323,-2.342764,-2.116193,-2.266912,-2.206448
1216.000000,-2.528642,-2.337975,-2.110884,-2.205975,-1.806173
1217.000000,-2.383997,-2.311392,-2.130159,-2.154442,-1.718005
1218.000000,-2.183051,-2.309025,-2.204413,-2.114555,-2.045548
1219.000000,-2.130034,-2.340337,-2.251196,-2.106333,-2.211213
1220.000000,-2.350025,-2.477953,-2.287007,-2.170422,-3.012289
1221.000000,-2.629926,-2.618216,-2.353982,-2.270344,-3.041464
1222.000000,-2.811589,-2.674519,-2.442858,-2.338977,-2.833984
1223.000000,-2.865333,-2.645817,-2.510199,-2.390412,-2.666439
1224.000000,-2.793990,-2.591534,-2.525291,-2.403831,-2.281298
1225.000000,-2.615305,-2.546014,-2.503305,-2.395715,-2.184214
1226.000000,-2.365523,-2.473566,-2.445316,-2.350989,-1.798092
1227.000000,-2.112574,-2.385709,-2.371316,-2.303377,-1.545266
1228.000000,-1.896791,-2.299124,-2.305479,-2.274922,-1.545989
1229.000000,-1.685938,-2.180651,-2.226013,-2.215312,-1.211265
1230.000000,-1.494410,-2.027917,-2.154803,-2.131734,-1.223626
1231.000000,-1.375172,-1.872753,-2.095017,-2.063237,-1.212719
1232.000000,-1.311398,-1.732938,-2.035700,-2.022462,-1.235265
1233.000000,-1.242881,-1.599352,-1.963587,-1.989686,-1.212091
1234.000000,-1.224619,-1.488677,-1.903500,-1.959373,-1.127904
1235.000000,-1.189606,-1.375898,-1.849978,-1.919414,-1.051619
1236.000000,-1.136107,-1.288940,-1.804476,-1.880499,-0.941117
1237.000000,-1.059598,-1.218633,-1.761172,-1.842058,-0.847689
1238.000000,-0.969458,-1.139505,-1.710704,-1.802158,-0.758407
1239.000000,-0.900061,-1.098351,-1.661809,-1.770694,-0.784217
1240.000000,-0.842161,-1.055127,-1.587887,-1.740348,-0.770171
1241.000000,-0.837831,-1.027683,-1.513593,-1.721565,-0.940139
1242.000000,-0.817270,-0.979014,-1.430420,-1.692150,-0.733330
1243.000000,-0.741302,-0.896421,-1.330149,-1.640047,-0.312931
1244.000000,-0.594866,-0.794546,-1.232285,-1.589748,0.027142
